"Time (s)","Linear Acceleration x (m/s^2)","Linear Acceleration y (m/s^2)","Linear Acceleration z (m/s^2)","Absolute acceleration (m/s^2)"
1.862791658E-3,-5.201878561E-2,1.547542025E-2,7.025137246E-2,8.877329565E-2
1.181379167E-2,4.503506309E-2,-2.236577803E-2,-1.249386263E-1,1.346775604E-1
2.176379165E-2,2.184885904E-2,-1.180287317E-2,-1.169940144E-1,1.196005011E-1
3.171379166E-2,-3.002993372E-2,1.198996580E-2,1.147217864E-1,1.191916292E-1
4.166379166E-2,-8.365013008E-3,9.198088206E-3,3.986982465E-2,4.176339530E-2
5.161379167E-2,3.681485775E-2,-1.169289527E-2,-1.015854317E-1,1.086814496E-1
6.156479166E-2,2.954637812E-2,-1.397398888E-2,-1.850409865E-2,3.755878715E-2
7.151479166E-2,4.008768825E-5,1.783349953E-2,2.729889572E-2,3.260774479E-2
8.146479167E-2,6.870103804E-3,2.214016230E-2,1.127869427E-2,2.577972182E-2
9.141479168E-2,2.581050068E-2,2.130186800E-2,-5.877445757E-2,6.763422498E-2
1.013647917E-1,1.514476591E-2,1.772622825E-2,-5.487904251E-2,5.962627281E-2
1.113147917E-1,-1.306942462E-2,2.520521107E-2,3.837703049E-2,4.773791988E-2
1.212657917E-1,-1.002980438E-2,1.621484064E-2,5.892823935E-3,1.995603685E-2
1.312157917E-1,9.609051535E-3,-3.212552784E-3,-4.440141678E-2,4.554272915E-2
1.411657917E-1,-6.124729989E-5,-5.280428594E-3,5.296407938E-3,7.479212152E-3
1.511157917E-1,-1.086512025E-2,2.776953491E-3,7.988466024E-3,1.376872900E-2
1.610657917E-1,-6.030066765E-3,-1.343292044E-2,-1.892743707E-3,1.484545504E-2
1.710167917E-1,2.286318422E-3,-1.034409108E-2,-3.497453570E-2,3.654374940E-2
1.809667917E-1,-4.427406625E-3,5.126449250E-3,-1.446601152E-2,1.597334970E-2
1.909167917E-1,-1.208218850E-2,1.034466096E-4,1.681834638E-2,2.070861548E-2
2.008667917E-1,-7.373549072E-3,-1.470075211E-2,-2.539445758E-2,3.025491388E-2
2.108167917E-1,6.430886546E-4,-1.257739627E-2,-3.003363848E-2,3.256722125E-2
2.207667917E-1,-1.480334562E-3,-8.873254820E-3,-2.340055704E-3,9.295262353E-3
2.307177917E-1,-6.190721299E-3,-6.282041789E-3,-1.192071855E-2,1.482877642E-2
2.406677917E-1,9.238303802E-4,-1.017082849E-2,-1.237036943E-2,1.604136075E-2
2.506177917E-1,-7.356528193E-4,2.062613316E-3,-2.030328691E-2,2.042104351E-2
2.605642917E-1,-2.046961735E-3,1.265873310E-2,-1.292819381E-3,1.288817124E-2
2.705142917E-1,-1.003273484E-2,1.645479004E-2,1.400408149E-3,1.932296630E-2
2.804652917E-1,-5.054506799E-3,1.638386857E-2,-1.850877643E-2,2.523002166E-2
2.904152917E-1,-4.802322784E-3,2.302440749E-2,-1.027531207E-2,2.566647000E-2
3.003652917E-1,-1.980552441E-3,1.695472812E-2,-1.443677545E-3,1.713095439E-2
3.103152917E-1,7.034387724E-3,2.235347147E-2,-3.090253472E-3,2.363704643E-2
3.202652917E-1,1.034048340E-2,7.100468113E-3,-2.120200396E-2,2.463467507E-2
3.302152917E-1,6.341650269E-3,8.459179447E-3,-1.551383257E-2,1.877373820E-2
3.401662917E-1,1.091862684E-2,2.404860669E-2,-1.892743707E-3,2.647894210E-2
3.501162917E-1,1.012401079E-2,6.770502424E-3,-9.227491021E-3,1.528011414E-2
3.600662917E-1,2.187681832E-2,1.078021000E-3,-2.509449542E-2,3.330902294E-2
3.700162917E-1,9.203277610E-3,-8.390188012E-3,3.795427680E-3,1.301924902E-2
3.799662917E-1,3.115213774E-3,-7.964773381E-3,-4.287178516E-3,9.566716861E-3
3.899162917E-1,1.117799882E-2,-1.772823709E-2,-1.192130327E-2,2.411131518E-2
3.998672916E-1,5.485935383E-3,-2.790403457E-2,-6.980406046E-3,2.928236160E-2
4.098172917E-1,-4.539401361E-3,-2.949980139E-2,-6.934797764E-4,2.985507262E-2
4.197672917E-1,-1.723504501E-2,-2.872761718E-2,-3.088499308E-3,3.364315076E-2
4.297172917E-1,-6.764705458E-3,-2.268385742E-2,-6.680443883E-3,2.459566950E-2
4.396672917E-1,-1.209945606E-2,-1.121983154E-2,-2.479277909E-2,2.978192995E-2
4.496182917E-1,-1.075676175E-2,-2.704998477E-3,-6.081104279E-3,1.264929917E-2
4.595682917E-1,-8.017562774E-3,2.140987704E-3,-7.428887486E-3,1.113793116E-2
4.695182917E-1,-1.039106866E-2,2.158932261E-2,-7.428887486E-3,2.508508577E-2
4.794682917E-1,-6.186233105E-3,3.349490007E-2,-1.431456864E-2,3.694705246E-2
4.894182917E-1,3.305563484E-3,3.720735439E-2,-3.986046910E-3,3.756597583E-2
4.993692917E-1,1.236049997E-2,4.217823230E-2,-9.922724962E-4,4.396327836E-2
5.093192917E-1,2.216825863E-2,2.785056224E-2,-8.925774693E-3,3.669816019E-2
5.192692917E-1,1.326381713E-2,1.713021425E-2,-1.072203934E-2,2.417302656E-2
5.292192917E-1,1.086541033E-2,7.571157552E-3,-4.585386515E-3,1.401446887E-2
5.391692917E-1,9.567657360E-3,-1.091289383E-2,-1.087231278E-2,1.813390483E-2
5.491192917E-1,1.050386054E-3,-1.634826907E-2,-1.147106767E-2,1.999886512E-2
5.590702917E-1,-1.781824767E-4,-1.915556870E-2,-8.327604532E-3,2.088819184E-2
5.690202917E-1,-2.581993388E-3,-5.723430554E-3,-1.591027379E-3,6.477323157E-3
5.789702917E-1,-3.996128789E-3,-2.285434944E-2,-1.596055984E-2,2.816078487E-2
5.889202917E-1,-1.272159980E-3,-9.857346924E-3,-2.045122147E-2,2.273847266E-2
5.988702917E-1,-6.501925648E-3,-7.926165769E-3,-6.081689000E-3,1.191998666E-2
6.088212917E-1,-1.024828697E-2,3.662146566E-3,-2.584060013E-2,2.803881806E-2
6.187712917E-1,-8.677418777E-3,2.432302383E-3,-1.985246658E-2,2.180215863E-2
6.287212917E-1,1.753410953E-3,6.462921750E-3,-4.733905792E-3,8.200833590E-3
6.386712917E-1,-2.492199799E-3,8.358699842E-3,-7.728264928E-3,1.165354031E-2
6.486212916E-1,4.630533415E-3,2.812870013E-2,-1.102083206E-2,3.056344794E-2
6.585712917E-1,5.550177097E-3,2.363007853E-2,-1.206865311E-2,2.710788566E-2
6.685222917E-1,1.712216862E-2,2.888643304E-2,-1.581087112E-2,3.711574218E-2
6.784722916E-1,1.212452371E-2,2.612915566E-2,-1.296678543E-2,3.158914964E-2
6.884222917E-1,1.666806152E-2,2.253463237E-2,-1.236803055E-2,3.063661389E-2
6.983722917E-1,3.352788887E-3,1.476994911E-2,-5.631453395E-3,1.615877029E-2
7.083222917E-1,-5.771156168E-3,4.506867088E-4,-8.476123810E-3,1.026421146E-2
7.182732917E-1,-9.353306657E-4,2.789166406E-3,-1.072145462E-2,1.111772827E-2
7.282232917E-1,-4.597446397E-3,-1.612382850E-2,-1.146931350E-2,2.031402252E-2
7.381732917E-1,-1.917291506E-2,-1.822577690E-2,-1.086997390E-2,2.859957951E-2
7.481232917E-1,-2.176197992E-2,-8.620615132E-3,-1.057059646E-2,2.568338538E-2
7.580732917E-1,-7.521524741E-3,-1.012874681E-2,-1.715690017E-2,2.129610457E-2
7.680232917E-1,-8.936920948E-4,4.558709735E-3,-1.071970046E-2,1.168300038E-2
7.779742917E-1,1.929375599E-3,5.396467274E-3,2.752284408E-3,6.357626814E-3
7.879242917E-1,7.502292884E-3,-3.842726173E-3,-1.176752150E-2,1.447499586E-2
7.978742917E-1,5.917128709E-3,2.712663811E-3,-4.432774186E-3,7.875305968E-3
8.078242917E-1,1.487816029E-2,1.042601377E-2,-8.174992204E-3,1.992214632E-2
8.177742917E-1,5.327236012E-3,1.168934126E-2,-9.671879411E-3,1.607996872E-2
8.277252917E-1,1.384728931E-2,8.484461802E-3,-1.341409743E-2,2.106351165E-2
8.376752917E-1,1.446734085E-2,1.082483271E-2,-1.191779494E-2,2.164520249E-2
8.476252917E-1,1.367919785E-2,1.393359170E-2,-8.474954367E-3,2.128591748E-2
8.575752917E-1,2.566774639E-3,2.058784760E-2,-5.780557394E-3,2.153747071E-2
8.675252917E-1,-1.946444444E-3,1.748646158E-2,-1.580970168E-2,2.365399864E-2
8.774752917E-1,-6.068217563E-3,1.072509999E-2,-1.760596633E-2,2.149002291E-2
8.874262917E-1,-5.146385743E-3,-1.800043640E-3,-1.161783278E-2,1.283352959E-2
8.973762917E-1,-7.891541573E-3,-1.702343975E-2,-9.072539806E-3,2.084190270E-2
9.073262917E-1,-1.741681347E-2,-4.550710927E-3,2.752869129E-3,1.821078389E-2
9.172762917E-1,-1.222630637E-2,-1.201141435E-2,-1.191604078E-2,2.087459389E-2
9.272262916E-1,1.308031278E-3,-1.395693260E-2,-2.284331739E-2,2.680156829E-2
9.371772917E-1,2.291635734E-3,-1.563184697E-2,-1.266448438E-2,2.024834311E-2
9.471272917E-1,3.842559436E-3,-4.983390039E-3,-7.425379157E-3,9.733226337E-3
9.570772917E-1,1.397172766E-2,5.695510099E-3,-1.056884229E-2,1.842141244E-2
9.670272917E-1,1.385403188E-2,1.031444616E-2,-1.356261671E-2,2.196056855E-2
9.769772917E-1,1.570603009E-2,1.487985050E-2,-2.934132814E-3,2.183342546E-2
9.869282917E-1,5.803861746E-3,1.327058255E-2,-2.185689211E-3,1.464822206E-2
9.968782917E-1,1.175673613E-2,1.492113618E-2,-7.575067878E-3,2.045098537E-2
1.006828292E0,4.718152571E-3,1.842209945E-2,-8.772577643E-3,2.094260801E-2
1.016778292E0,-7.417375781E-4,1.912180217E-2,-8.174407482E-3,2.080899879E-2
1.026728292E0,9.190868265E-3,2.449410971E-2,-2.089736402E-2,3.348332858E-2
1.036678292E0,-6.380132257E-3,1.787218595E-2,-6.376973391E-3,2.001966303E-2
1.046629292E0,-2.185940458E-3,1.430185323E-2,-1.565767407E-2,2.131863267E-2
1.056579292E0,-7.373076270E-3,3.020696731E-3,-9.819813967E-3,1.264577434E-2
1.066529292E0,-7.259731649E-3,9.121199604E-5,-1.206514478E-2,1.408118396E-2
1.076479292E0,3.387205233E-4,-7.558696816E-3,-9.519851804E-3,1.216043616E-2
1.086429292E0,-2.786609391E-3,-2.288354441E-2,-1.131611645E-2,2.568027040E-2
1.096380292E0,2.878280485E-3,-1.151551564E-2,-1.745335400E-2,2.110713540E-2
1.106330292E0,3.027293121E-3,-1.310967105E-2,-1.505833447E-2,2.019359839E-2
1.116280292E0,-3.739728383E-4,-1.241746236E-2,-9.220474362E-3,1.547095261E-2
1.126230292E0,1.022690352E-2,-8.302083492E-3,-2.035415769E-3,1.332880577E-2
1.136180292E0,1.098928451E-2,1.981198832E-3,-1.116584301E-2,1.579131321E-2
1.146130292E0,1.376233567E-2,1.435654183E-2,-1.221424878E-2,2.333880994E-2
1.156081292E0,6.214799951E-3,1.653896710E-2,-5.777049065E-3,1.858858432E-2
1.166031292E0,1.938562123E-3,2.387645187E-2,-1.146522045E-2,2.655737670E-2
1.175981292E0,-5.612582420E-3,2.701441954E-2,-2.329062939E-2,3.610724805E-2
1.185931292E0,-4.777177472E-3,1.419415368E-2,-1.371055126E-2,2.030454726E-2
1.195881292E0,9.686757834E-4,8.991402837E-3,-9.070200920E-3,1.280828648E-2
1.205832292E0,-8.294218301E-3,1.223654928E-2,-7.573313713E-3,1.660970428E-2
1.215782292E0,-2.353415221E-3,6.150697565E-3,-1.161432445E-2,1.335148592E-2
1.225732292E0,-2.567012182E-3,6.117672217E-4,-1.415903270E-2,1.440284756E-2
1.235682292E0,5.143574055E-3,-1.906984875E-3,-3.830510974E-3,6.690721911E-3
1.245632292E0,9.965644896E-3,-1.290127377E-2,-1.879938304E-2,2.488320209E-2
1.255583292E0,1.246735099E-2,-1.172840911E-2,-4.878332019E-3,1.779855455E-2
1.265532250E0,9.339522303E-3,-1.410072957E-2,-3.531133533E-3,1.727790946E-2
1.275482250E0,5.345197928E-3,-6.601443660E-3,-8.920512199E-3,1.231770016E-2
1.285432250E0,9.214076686E-3,-7.448111350E-3,-7.124247551E-3,1.382492224E-2
1.295382250E0,9.790283244E-3,2.408465843E-3,-1.445841014E-2,1.762657022E-2
1.305333250E0,1.160027286E-2,-1.299352959E-3,-1.206339061E-2,1.678630518E-2
1.315283250E0,4.667599280E-3,1.106607832E-2,-1.221366405E-2,1.712945306E-2
1.325233250E0,7.997038134E-3,2.055806106E-2,-5.178294182E-3,2.265835881E-2
1.335183250E0,7.383069070E-3,2.526617058E-2,-1.296269238E-2,2.934144643E-2
1.345133250E0,2.261348984E-3,1.638071541E-2,-3.382614255E-3,1.687849566E-2
1.355083250E0,-4.791347834E-3,1.885412988E-2,-1.281358838E-2,2.329427558E-2
1.365034250E0,2.232014691E-4,1.499457584E-2,-1.266389966E-2,1.962807882E-2
1.374984250E0,-6.063222305E-3,3.024872008E-3,-1.206572950E-2,1.383814813E-2
1.384934250E0,4.609010636E-3,8.505200003E-3,-4.281916022E-3,1.057904584E-2
1.394884250E0,-1.368049749E-3,-7.870646913E-3,-8.623473644E-3,1.175512402E-2
1.404834250E0,2.176749366E-3,-9.336565576E-3,-1.535946608E-2,1.810588006E-2
1.414785250E0,1.950242850E-3,-1.127195855E-2,-1.266565382E-2,1.706690609E-2
1.424735250E0,4.477073697E-3,-9.550483448E-3,-2.059915602E-2,2.314262629E-2
1.434685250E0,8.259020804E-3,-1.545505549E-2,-1.670666456E-2,2.421121239E-2
1.444635250E0,5.661322160E-3,-8.665870526E-4,-1.416195631E-2,1.527620857E-2
1.454585250E0,1.467645647E-2,-8.141782988E-3,-4.282500744E-3,1.732128221E-2
1.464536250E0,5.743546346E-3,-5.318530285E-3,-8.024718761E-3,1.121031669E-2
1.474486250E0,-1.351147641E-3,7.144220589E-3,-1.715573072E-2,1.863288986E-2
1.484436250E0,-1.224507913E-2,5.252617775E-3,-1.056942701E-2,1.700719683E-2
1.494386250E0,-7.887231535E-4,1.645065245E-2,-7.276275158E-3,1.800528340E-2
1.504336250E0,-3.384318170E-3,1.604053651E-2,-8.174407482E-3,1.831866149E-2
1.514287250E0,-6.454286829E-3,2.570289592E-2,-1.266448438E-2,2.937151412E-2
1.524237250E0,-1.989412343E-3,1.737185729E-2,-1.401168287E-2,2.240683922E-2
1.534187250E0,-2.008020650E-3,1.493695450E-2,-1.820296705E-2,2.363245154E-2
1.544137250E0,4.309370527E-3,1.357412727E-2,-1.910109937E-2,2.382602784E-2
1.554087250E0,-2.337757931E-3,1.449576152E-3,-1.056942701E-2,1.092150038E-2
1.564038250E0,3.262161613E-3,8.128737530E-3,1.705048084E-3,8.923298784E-3
1.573988250E0,8.055462325E-3,-5.523797247E-3,-1.356320143E-2,1.671416292E-2
1.583938250E0,6.668363444E-3,-6.808905612E-3,-1.266565382E-2,1.585077454E-2
1.593888250E0,1.221974196E-2,-6.166987543E-3,-1.386374831E-2,1.948223155E-2
1.603838250E0,3.834190608E-3,-1.238418577E-3,-2.254569411E-2,2.290290421E-2
1.613788250E0,3.997375891E-3,2.841165512E-3,6.643606424E-3,8.257647474E-3
1.623739250E0,4.326619813E-3,1.390307997E-3,-2.419227004E-2,2.461541235E-2
1.633689250E0,4.825848690E-4,7.516929195E-3,-6.828378439E-3,1.016680209E-2
1.643639250E0,-2.187591840E-3,-1.275192081E-3,-1.738961935E-3,3.071752190E-3
1.653589250E0,-1.025280485E-2,5.074058427E-4,-2.269538283E-2,2.490899175E-2
1.663540250E0,5.756631775E-3,9.616435929E-3,-8.408296108E-4,1.123929018E-2
1.673490250E0,-1.401898275E-2,9.076399882E-3,-1.760538161E-2,2.426648664E-2
1.683440250E0,-3.359483492E-3,1.246189092E-2,-5.032113791E-3,1.385305107E-2
1.693390250E0,5.015485771E-3,1.073427967E-2,6.643606424E-3,1.358371686E-2
1.703340250E0,5.091696004E-3,1.338030121E-2,-3.871324539E-2,4.127557628E-2
1.713290250E0,9.834363484E-3,6.919698928E-3,8.139324188E-3,1.452052122E-2
1.723241250E0,1.036788994E-3,1.002691732E-2,-1.775682449E-2,2.041859002E-2
1.733191250E0,1.993169636E-3,7.698130069E-3,-8.476123810E-3,1.162233224E-2
1.743141250E0,7.122054845E-3,6.122601237E-3,5.730271339E-5,9.392187963E-3
1.753091250E0,1.093270127E-2,-1.176168114E-2,-3.092826247E-2,3.484850814E-2
1.763041250E0,3.154981693E-3,2.225877398E-3,2.069914341E-4,3.866689169E-3
1.772992250E0,3.522853784E-3,-7.165757072E-3,-2.224631667E-2,2.363592982E-2
1.782942250E0,-1.215805155E-3,-2.004134307E-3,-1.925254226E-2,1.939471887E-2
1.792892250E0,2.381678286E-3,1.658324035E-3,7.841700912E-3,8.361501256E-3
1.802842250E0,2.494725978E-3,3.649985043E-3,-2.209662795E-2,2.253457378E-2
1.812792250E0,2.015868709E-3,-2.207950886E-3,-8.774331808E-3,9.269718035E-3
1.822743250E0,3.039960566E-3,1.903361999E-2,-9.905183315E-4,1.930028955E-2
1.832693250E0,-6.126077590E-4,1.007609789E-2,-2.538977981E-2,2.732295657E-2
1.842643250E0,-4.007578825E-3,1.099233031E-2,-8.474954367E-3,1.444703656E-2
1.852593250E0,-4.844064137E-3,1.224413353E-2,-1.775565505E-2,2.210536246E-2
1.862543250E0,-5.298390510E-3,6.849448972E-3,-1.416312575E-2,1.660066337E-2
1.872494250E0,1.042352985E-3,9.863999274E-3,1.554189920E-3,1.003994461E-2
1.882444250E0,1.756366538E-3,1.731794756E-2,-2.808476150E-2,3.304163979E-2
1.892394250E0,7.729244793E-3,1.263046204E-2,-8.624643087E-3,1.713634339E-2
1.902344250E0,1.259037549E-2,-3.158054907E-3,-9.522775412E-3,1.609888559E-2
1.912294250E0,5.080821554E-3,-2.729817167E-3,-2.823386550E-2,2.881697088E-2
1.922245250E0,5.278864007E-3,-1.207611287E-2,3.500143290E-3,1.363634520E-2
1.932195250E0,-1.424479948E-3,-8.698268897E-3,-1.506125808E-2,1.745080284E-2
1.942145250E0,-9.873982938E-4,-5.884091940E-3,-1.970160842E-2,2.058520993E-2
1.952095250E0,-6.896484797E-3,-1.254560089E-3,-2.787367702E-3,7.543529829E-3
1.962045250E0,-3.526088025E-3,-5.608536192E-3,-1.715806961E-2,1.839261612E-2
1.971996250E0,3.611768007E-3,2.418041801E-3,6.793295145E-3,8.064778559E-3
1.981946250E0,-6.408089257E-3,1.288699835E-2,-1.775507033E-2,2.285565262E-2
1.991896250E0,-5.561257114E-3,8.822321232E-3,-2.538977981E-2,2.744816663E-2
2.001846250E0,-4.731564622E-3,1.816124054E-2,-1.281534255E-2,2.272556636E-2
2.011796250E0,5.062087623E-3,2.041041201E-2,-9.222813249E-3,2.296235906E-2
2.021747250E0,-4.568335942E-3,1.453275772E-2,2.452906966E-3,1.543008402E-2
2.031697250E0,8.795342955E-3,8.775919236E-3,-1.386374831E-2,1.861661444E-2
2.041647250E0,1.297889099E-2,1.770538042E-2,-2.074942946E-2,3.020713376E-2
2.051597250E0,1.503723196E-2,8.169420218E-3,-5.331491232E-3,1.792435691E-2
2.061547250E0,-1.074055857E-3,1.408864570E-2,-1.401343703E-2,1.990025003E-2
2.071498250E0,8.067782591E-3,-9.388721141E-4,-1.116993606E-2,1.381079536E-2
2.081448250E0,1.675071968E-3,2.197231752E-3,-1.140791774E-3,2.989163652E-3
2.091398250E0,-4.607130848E-3,2.864541812E-4,-1.566059768E-2,1.632672749E-2
2.101348250E0,-2.842820319E-4,5.299553100E-4,-9.523944855E-3,9.542913313E-3
2.111298250E0,-9.229971520E-3,-4.348076354E-3,-1.491332352E-2,1.806945934E-2
2.121249250E0,8.369745598E-3,-2.006264201E-3,-1.176927567E-2,1.458058940E-2
2.131199250E0,5.543605832E-3,8.282215521E-4,-4.733905792E-3,7.336714565E-3
2.141149250E0,-2.695941003E-3,3.678864806E-3,-1.476246536E-2,1.545097174E-2
2.151099250E0,-3.765159203E-3,7.378776163E-3,3.799520731E-3,9.113677593E-3
2.161049250E0,5.213041718E-3,2.655434873E-2,-9.905183315E-4,2.707933469E-2
2.171000250E0,9.536573470E-3,1.685943906E-2,-1.700662673E-2,2.577619583E-2
2.180950250E0,5.999770879E-3,2.338277785E-2,-2.186858654E-3,2.423909861E-2
2.190900250E0,7.971579905E-3,1.471368336E-2,-7.875614762E-3,1.849496883E-2
2.200850250E0,1.034961967E-2,1.051369117E-2,-1.042032301E-2,1.806198940E-2
2.210800250E0,9.399723499E-3,9.073844010E-3,-9.821568131E-3,1.634480491E-2
2.220751250E0,9.839826976E-3,1.986282027E-3,-1.685635328E-2,1.961897442E-2
2.230701250E0,-3.882345627E-4,-1.437569945E-3,-3.982538581E-3,4.251816902E-3
2.240651250E0,6.305699029E-3,-8.400572530E-3,-4.281916022E-3,1.134311526E-2
2.250601250E0,5.720860977E-4,-9.272457480E-3,-8.473784924E-3,1.257421096E-2
2.260551250E0,-8.292767918E-5,-2.679373511E-3,-6.527246833E-3,7.056264637E-3
2.270501875E0,9.793419270E-3,-3.608603430E-3,-2.186858654E-3,1.066374374E-2
2.280452875E0,6.116671795E-3,1.317027082E-3,-5.779972672E-3,8.517999664E-3
2.290402875E0,-2.961139642E-3,9.763775485E-3,-6.378727555E-3,1.203278126E-2
2.300352875E0,-5.198633813E-3,-7.874600636E-4,-5.181217790E-3,7.381795490E-3
2.310302875E0,6.868943498E-3,2.927813939E-3,5.730271339E-5,7.467112081E-3
2.320252875E0,-2.692889487E-3,4.181005871E-3,-1.985129714E-2,2.046476147E-2
2.330203875E0,9.901757212E-4,5.645104131E-3,-1.386374831E-2,1.500170543E-2
2.340153875E0,5.088493740E-3,1.660138270E-2,-1.790592849E-2,2.494235256E-2
2.350103875E0,-4.287317845E-3,1.624305574E-2,-6.679274440E-3,1.807845848E-2
2.360053875E0,1.035772126E-2,1.778494709E-2,-7.278029323E-3,2.183017278E-2
2.370003875E0,1.073626452E-3,7.014355300E-3,-1.296561599E-2,1.478042800E-2
2.379954875E0,6.201926940E-3,8.051192259E-3,-7.876199484E-3,1.285768692E-2
2.389904875E0,8.714612550E-3,5.839987717E-3,-1.461219192E-2,1.798794266E-2
2.399854875E0,-2.398230932E-3,1.554773500E-3,-1.206748366E-2,1.240133034E-2
2.409804875E0,-5.028196613E-3,4.936441008E-3,-1.730658889E-2,1.868607048E-2
2.419754875E0,-7.810030016E-4,-2.869543922E-3,-1.820472121E-2,1.844603270E-2
2.429705875E0,1.210624888E-3,-3.399370182E-3,-1.027121902E-2,1.088665561E-2
2.439655875E0,-6.243615760E-3,3.147835984E-3,-2.643760085E-2,2.734663321E-2
2.449605875E0,-3.167996316E-3,2.456500948E-3,-1.057059646E-2,1.130522477E-2
2.459555875E0,2.577237957E-3,1.118178352E-3,-8.325265646E-3,8.786496821E-3
2.469505875E0,4.352861478E-3,3.349955500E-3,-1.266623855E-2,1.380591192E-2
2.479456875E0,3.173592284E-3,1.694591618E-3,-1.985129714E-2,2.017467043E-2
2.489406875E0,4.858647916E-3,6.319022002E-3,-1.086938918E-2,1.347887680E-2
2.499356875E0,1.128001446E-2,6.570911373E-4,-1.887481213E-3,1.145570078E-2
2.509306875E0,9.037707760E-3,7.296096305E-3,-1.056942701E-2,1.570432967E-2
2.519256875E0,6.844403464E-3,1.379144955E-2,-1.790417433E-2,2.361375442E-2
2.529207875E0,5.027785480E-3,4.489903310E-3,-8.024134040E-3,1.047972259E-2
2.539157875E0,5.309621275E-3,1.249670926E-2,-9.970672131E-3,1.684559655E-2
2.549107875E0,1.260216585E-3,4.742774831E-3,-3.983123302E-3,6.320390034E-3
2.559057875E0,-7.951194593E-3,1.661317878E-2,-2.374203444E-2,3.004835110E-2
2.569007875E0,-5.201637363E-3,1.233376952E-2,-1.341351271E-2,1.894996636E-2
2.578958875E0,4.631657177E-3,4.089684240E-3,-1.221600294E-2,1.368972218E-2
2.588908875E0,-8.853049949E-5,-2.393709618E-3,-1.266506910E-2,1.288959498E-2
2.598858875E0,-4.837983947E-3,1.160984082E-3,-5.929661393E-3,7.740468781E-3
2.608808875E0,2.330494593E-3,-1.827502713E-3,-9.073124528E-3,9.544242239E-3
2.618758875E0,-3.385099322E-3,-7.656376152E-3,-9.223397970E-3,1.245592483E-2
2.628709875E0,3.032580740E-4,-2.442348859E-3,4.997615218E-3,5.570744230E-3
2.638659875E0,7.946528241E-3,-2.155976904E-3,-2.119849563E-2,2.274141078E-2
2.648609875E0,7.590492193E-3,-5.077427428E-3,-1.865378737E-2,2.076919894E-2
2.658559875E0,7.596067605E-3,4.123407371E-3,-5.630868673E-3,1.031549385E-2
2.668509875E0,8.052255493E-4,-2.350876479E-3,-8.774331808E-3,9.119424712E-3
2.678460875E0,7.698727353E-4,7.348337523E-3,-1.356437087E-2,1.544612979E-2
2.688410875E0,-2.474633027E-3,7.885711488E-3,-7.576822042E-3,1.121233636E-2
2.698360875E0,5.699657968E-3,7.858640706E-3,-1.536063552E-2,1.817122611E-2
2.708310875E0,-4.632426908E-3,1.400559126E-2,-9.522775412E-3,1.755845144E-2
2.718260875E0,4.925075483E-3,2.051981433E-2,-1.476188064E-2,2.575329627E-2
2.728211875E0,-4.882475319E-3,1.363449406E-2,-9.522190690E-3,1.733234286E-2
2.738161875E0,-4.579703752E-3,3.680199845E-3,1.405085921E-3,6.040846282E-3
2.748111875E0,-4.560145272E-3,7.784949801E-3,-1.416254103E-2,1.679219869E-2
2.758061875E0,-1.077194167E-3,-2.003251514E-3,-1.625818312E-2,1.641651249E-2
2.768011875E0,3.832804179E-4,-1.265067148E-2,-1.700721145E-2,2.119980269E-2
2.777962875E0,7.681946300E-3,-1.255402911E-3,-1.775565505E-2,1.938689304E-2
2.787912875E0,3.075384186E-3,-1.313670643E-2,-2.000098586E-2,2.412613685E-2
2.797862875E0,-4.013318690E-3,-9.678001857E-3,-1.715690017E-2,2.010297665E-2
2.807812875E0,8.539225773E-3,-6.426682718E-3,2.602595687E-3,1.099973326E-2
2.817762875E0,2.794710982E-3,5.943462878E-3,-3.084990978E-3,7.256192513E-3
2.827713875E0,4.517867162E-3,4.921368440E-4,-1.131787062E-2,1.219620915E-2
2.837663875E0,8.668063232E-4,8.972874472E-3,-7.575652599E-3,1.177515783E-2
2.847613875E0,-1.270953992E-3,1.064123014E-2,-1.266565382E-2,1.659125944E-2
2.857563875E0,2.906120997E-3,8.179569477E-3,-2.059915602E-2,2.235343653E-2
2.867513875E0,-4.267361937E-3,1.439794171E-2,-1.595880568E-2,2.191334256E-2
2.877464875E0,-3.318098453E-3,1.672812567E-2,-1.580911696E-2,2.325442205E-2
2.887414875E0,1.551928692E-3,3.567043659E-3,-1.161841750E-2,1.225234297E-2
2.897364875E0,5.351337504E-3,1.358730520E-2,-1.625876784E-2,2.185404328E-2
2.907314875E0,-3.095728385E-3,8.768100869E-3,-8.924605250E-3,1.288843303E-2
2.917264875E0,3.339847354E-3,-3.826715994E-3,-9.223982692E-3,1.052996640E-2
2.927215875E0,6.625580555E-3,-2.164269215E-4,2.002671361E-3,6.925016309E-3
2.937165875E0,-6.719524297E-4,1.635280066E-3,-1.140207052E-3,2.103742638E-3
2.947115875E0,7.758460315E-3,-9.710250621E-3,-1.191779494E-2,1.721965476E-2
2.957065875E0,7.877939944E-3,2.677967667E-4,-3.384953141E-3,8.578552363E-3
2.967015875E0,2.662605022E-3,3.772350593E-3,-2.786198258E-3,5.392865215E-3
2.976966875E0,2.848311220E-3,6.296543340E-3,-1.027063429E-2,1.237922710E-2
2.986916875E0,5.335058947E-3,7.867120311E-3,-1.341409743E-2,1.644057316E-2
2.996866875E0,-3.228279739E-4,9.839371304E-3,-1.086997390E-2,1.466539390E-2
3.006816875E0,8.048189851E-4,4.091375592E-3,-1.176810622E-2,1.248500748E-2
3.016766875E0,-2.329891599E-3,1.221905788E-2,-6.529585719E-3,1.404881703E-2
3.026717875E0,2.963556186E-4,1.710457216E-2,-1.221834183E-2,2.102241880E-2
3.036667875E0,9.090567960E-3,1.832508592E-2,-1.850526810E-2,2.758427355E-2
3.046617875E0,-1.694561925E-3,9.447534765E-3,-7.877368927E-3,1.241693982E-2
3.056567875E0,5.460308134E-3,1.429042489E-2,-1.386491776E-2,2.064623823E-2
3.066517875E0,3.007442281E-3,-1.343249332E-3,-5.332660675E-3,6.267878247E-3
3.076468875E0,-4.575067093E-3,-9.617329000E-3,-1.251771927E-2,1.643525332E-2
3.086418875E0,-2.817535680E-4,3.171835835E-3,-9.823322296E-3,1.032654776E-2
3.096368875E0,1.056980845E-2,-9.267025965E-4,-6.381066442E-3,1.238134231E-2
3.106318875E0,6.322032404E-3,-5.946177493E-3,-7.728264928E-3,1.162115310E-2
3.116268875E0,1.671917669E-3,-4.287185369E-4,-1.506301224E-2,1.516157796E-2
3.126219875E0,3.503594517E-3,1.673400030E-4,-5.632622838E-3,6.635481690E-3
3.136169875E0,4.303610106E-3,-9.470914492E-3,-1.326616287E-2,1.685853963E-2
3.146119875E0,5.356995142E-3,1.585347243E-2,-1.715806961E-2,2.396725553E-2
3.156069875E0,3.075048428E-3,1.047857247E-2,-6.230792999E-3,1.257295452E-2
3.166019875E0,-2.368225122E-3,5.813483385E-3,-1.290480494E-3,6.408620695E-3
3.175970875E0,-7.477037937E-3,5.550420351E-3,1.702709198E-3,9.466386903E-3
3.185920875E0,-2.106811185E-3,1.110242013E-2,-7.129510045E-3,1.336159795E-2
3.195870875E0,6.373245791E-3,4.964619563E-3,-5.183556676E-3,9.598696220E-3
3.205820875E0,1.182539980E-3,1.184364608E-2,-1.042266190E-2,1.582094290E-2
3.215770875E0,1.384335158E-3,1.780251386E-2,-1.880581498E-2,2.593269289E-2
3.225721875E0,3.784073575E-3,7.808308970E-3,-9.225152135E-3,1.266460950E-2
3.235671875E0,1.303897114E-3,5.585810852E-3,-7.728849649E-3,9.624788177E-3
3.245621875E0,2.292033162E-3,5.301201056E-3,-1.251888871E-2,1.378690405E-2
3.255571875E0,1.089126370E-2,-4.856337580E-3,-9.525114298E-3,1.526209167E-2
3.265521667E0,7.939851908E-3,2.259432650E-3,-1.850643754E-2,2.026411890E-2
3.275472667E0,5.162984070E-3,1.344093295E-3,9.536808729E-4,5.419640071E-3
3.285422667E0,1.023074760E-2,-2.462785563E-4,-7.279198766E-3,1.255848655E-2
3.295372667E0,-2.231829681E-3,3.450649807E-3,-1.506242752E-2,1.561296803E-2
3.305322667E0,6.649419379E-3,5.398479538E-3,-7.427718043E-3,1.133707876E-2
3.315272667E0,-3.916012798E-4,-4.891661843E-3,-1.132020950E-2,1.233810562E-2
3.325223667E0,4.778842558E-3,1.172836114E-3,-9.355545044E-5,4.921547863E-3
3.335173667E0,-5.803254184E-3,1.443353207E-3,-1.102141678E-2,1.253924461E-2
3.345123667E0,-1.833462990E-3,6.710008867E-3,-8.327019811E-3,1.085011818E-2
3.355073667E0,2.289472721E-3,3.902465987E-3,-6.681028605E-3,8.068895174E-3
3.365023667E0,1.463640304E-3,1.004765552E-2,-1.865671098E-2,2.124077421E-2
3.374974667E0,1.228527417E-3,1.300476036E-2,-5.034452677E-3,1.399924231E-2
3.384924667E0,5.303755787E-3,7.644259168E-3,-9.525114298E-3,1.331511645E-2
3.394874667E0,4.988188867E-3,1.275434992E-2,-1.865612626E-2,2.314317431E-2
3.404824667E0,-1.164571212E-3,9.606042275E-3,-1.162075639E-2,1.512197915E-2
3.414774667E0,3.319016648E-3,1.018595473E-2,-1.700896561E-2,2.010160333E-2
3.424725667E0,7.227706723E-4,-1.622852449E-3,-8.776085973E-3,8.954090267E-3
3.434675667E0,1.603605745E-3,4.089099518E-3,-1.581204057E-2,1.641075602E-2
3.444625667E0,1.943283293E-3,4.787132585E-3,-7.728849649E-3,9.296671730E-3
3.454575667E0,1.680690777E-3,4.151163372E-3,-1.296795487E-2,1.371950190E-2
3.464525667E0,7.215258549E-4,8.579576130E-3,-2.030270219E-2,2.205287832E-2
3.474475667E0,-9.611246525E-4,-1.586227409E-3,-1.341702104E-2,1.354460525E-2
3.484426667E0,4.191750130E-3,-2.369675506E-4,-2.789121866E-3,5.040448745E-3
3.494376667E0,-2.254131327E-3,1.615532009E-3,-1.087231278E-2,1.122043836E-2
3.504326667E0,3.593646206E-3,6.566103408E-4,-6.979821324E-3,7.878028682E-3
3.514276667E0,-5.259067984E-5,1.009117502E-3,-1.027297318E-2,1.032255113E-2
3.524226667E0,1.699210005E-4,9.441775486E-3,-1.476305008E-2,1.752494351E-2
3.534177667E0,2.926328152E-3,-1.439639311E-3,-1.401460648E-2,1.438906364E-2
3.544127667E0,8.703881996E-3,1.186042028E-2,-1.176986039E-2,1.884029577E-2
3.554077667E0,-2.159452115E-3,1.375950342E-2,-6.231377721E-3,1.525834972E-2
3.564027667E0,1.356800711E-3,7.730014524E-3,-1.910519242E-2,2.065435572E-2
3.573977667E0,1.469524065E-4,6.300452524E-3,-1.132137895E-2,1.295727279E-2
3.583928667E0,1.766500950E-3,1.158324741E-2,-1.401636064E-2,1.826883992E-2
3.593878667E0,6.782119197E-3,2.807352160E-3,-1.251947343E-2,1.451260080E-2
3.603828667E0,4.324084497E-4,-1.901874271E-3,-1.311764359E-2,1.326185041E-2
3.613778667E0,4.306558839E-3,2.589929384E-3,-1.132137895E-2,1.238659778E-2
3.623728667E0,3.478705022E-4,1.810115241E-3,-9.225736856E-3,9.408068432E-3
3.633679667E0,2.300548169E-3,1.783513835E-3,-1.611141801E-2,1.637227027E-2
3.643629667E0,3.292950857E-3,-2.259016950E-3,-6.530755162E-3,7.654896859E-3
3.653579667E0,5.511823017E-3,-5.958381272E-4,-8.925774693E-3,1.050736265E-2
3.663529667E0,-2.499650430E-3,8.322653814E-3,-5.333245397E-3,1.019599555E-2
3.673479667E0,3.177338156E-3,8.033366245E-4,-9.922724962E-4,3.424241843E-3
3.683430667E0,3.881285819E-3,1.085264581E-2,-1.251830399E-2,1.701623447E-2
3.693380667E0,4.092507348E-3,1.349301200E-2,-1.760830522E-2,2.255797867E-2
3.703330667E0,6.366156042E-3,8.226125648E-3,-1.176986039E-2,1.570753639E-2
3.713280667E0,2.501726649E-3,1.209288936E-2,-1.880523026E-2,2.249740639E-2
3.723230667E0,5.547089037E-3,1.876714456E-2,-7.577991486E-3,2.098575390E-2
3.733180667E0,8.290712256E-5,2.332530840E-3,-1.461336136E-2,1.479857777E-2
3.743131667E0,-3.757694867E-3,8.095798977E-3,-1.536180496E-2,1.776646514E-2
3.753081667E0,3.979674359E-3,7.571105019E-3,-1.311647415E-2,1.565890588E-2
3.763031667E0,-2.452349653E-3,9.502812652E-3,-5.426216125E-4,9.829135533E-3
3.772981667E0,-1.230898281E-2,2.624027103E-3,-7.877368927E-3,1.484754246E-2
3.782931667E0,1.728009826E-3,7.455655629E-3,-1.296678543E-2,1.505690351E-2
3.792882667E0,-1.411588665E-3,2.114679802E-3,-1.521153152E-2,1.542255311E-2
3.802832667E0,2.190732434E-3,-6.546873834E-3,-1.476246536E-2,1.629697055E-2
3.812782667E0,-6.876065223E-3,5.165962495E-3,-2.389347732E-2,2.539420603E-2
3.822732667E0,6.388729492E-3,4.671952715E-3,-1.057118118E-2,1.320578957E-2
3.832682667E0,9.825165540E-3,6.261256764E-3,-2.314503372E-2,2.591196249E-2
3.842633667E0,9.722275101E-4,7.319744410E-3,-4.583632350E-3,8.691005125E-3
3.852583667E0,5.512190752E-3,1.575517069E-2,-1.835440993E-2,2.480915182E-2
3.862533667E0,8.225981751E-4,6.757139481E-3,-1.341468215E-2,1.504291524E-2
3.872483667E0,5.084240804E-3,1.130747810E-2,-1.311530471E-2,1.804770853E-2
3.882433667E0,6.963213861E-3,7.924915241E-3,-2.134759963E-2,2.381198519E-2
3.892384667E0,-2.716943014E-3,5.278628748E-3,-1.042032301E-2,1.199286590E-2
3.902334667E0,1.870090314E-3,9.011014992E-3,-1.296503127E-2,1.589929762E-2
3.912284667E0,-4.666724482E-3,1.120257997E-2,-4.132812023E-3,1.282015018E-2
3.922234667E0,-1.773168147E-3,-1.870987953E-3,-1.146697462E-2,1.175313694E-2
3.932184667E0,-6.437217984E-3,6.788676758E-3,-2.224514723E-2,2.413235344E-2
3.942134667E0,-6.919272949E-3,1.505411351E-3,-7.276275158E-3,1.015316609E-2
3.952085667E0,-3.892715299E-4,8.237997094E-3,-1.820355177E-2,1.998462973E-2
3.962035667E0,-1.449538465E-4,-7.750456939E-3,-1.640670240E-2,1.814581158E-2
3.971985667E0,-1.255682709E-3,-3.939682601E-3,-1.281358838E-2,1.346424470E-2
3.981935667E0,2.083650730E-3,6.085488548E-3,-1.101673901E-2,1.275708860E-2
3.991885667E0,2.672040509E-3,2.590381630E-3,-9.519267082E-3,1.022087683E-2
4.001836667E0,1.066345298E-2,9.023860594E-3,-6.075841784E-3,1.523335626E-2
4.011786667E0,3.513240139E-3,3.574935116E-3,-9.967748523E-3,1.115701698E-2
4.021736667E0,-2.141435381E-3,-2.279011686E-3,-2.932378650E-3,4.287013448E-3
4.031686667E0,9.321909850E-3,-3.523735434E-4,-1.146405101E-2,1.477994032E-2
4.041636667E0,5.589769143E-3,8.288382506E-3,-9.069031477E-3,1.349778262E-2
4.051586667E0,4.716839232E-3,9.661914019E-3,-1.490747631E-2,1.838026128E-2
4.061537667E0,8.908794927E-3,2.096104614E-3,-1.356027782E-2,1.635974988E-2
4.071487667E0,4.868764055E-3,1.191342438E-2,-1.041622996E-2,1.655694387E-2
4.081437667E0,3.610466088E-3,1.188032937E-2,-1.490630686E-2,1.940040400E-2
4.091387667E0,1.086803244E-3,5.176849508E-3,-5.924983621E-3,7.942691170E-3
4.101337667E0,-3.765919798E-3,7.403889498E-3,-1.834914744E-2,2.014177111E-2
4.111288667E0,7.558044714E-3,4.882147555E-3,-1.775039256E-2,1.990064925E-2
4.121238667E0,1.038632237E-2,1.172398715E-3,-1.505599558E-2,1.832848095E-2
4.131188667E0,8.730119092E-3,-6.589676138E-3,-1.161315501E-2,1.595318715E-2
4.141138667E0,8.399938701E-3,2.604607951E-3,-6.373465061E-3,1.086112377E-2
4.151088667E0,8.483350603E-4,-1.495372870E-3,-2.780935764E-3,3.269467253E-3
4.161039667E0,6.043979027E-3,-1.052523714E-2,-1.340941966E-2,1.808653739E-2
4.170989667E0,-1.396013601E-3,-5.476848216E-3,-1.131377757E-2,1.264698712E-2
4.180939667E0,1.057557116E-2,6.751046728E-3,-7.870352268E-3,1.481086703E-2
4.190889667E0,1.064156932E-2,1.533072564E-3,-1.580385447E-2,1.911426496E-2
4.200839667E0,3.646341953E-3,4.745286164E-3,-6.522569060E-3,8.851974783E-3
4.210789667E0,4.345890500E-3,1.209864978E-2,-1.715105295E-2,2.143414818E-2
4.220740667E0,2.364990881E-3,1.165618800E-2,-1.849766672E-2,2.199144321E-2
4.230690667E0,3.046138971E-3,4.600299199E-3,-2.029334664E-2,2.103001744E-2
4.240640667E0,1.369826069E-2,-4.310756957E-4,-1.879645944E-2,2.326230985E-2
4.250590667E0,4.098018806E-3,1.050404669E-2,-1.879587471E-2,2.191834075E-2
4.260540667E0,3.189245006E-5,5.614539867E-3,-1.445490181E-2,1.550703910E-2
4.270491542E0,-4.455635429E-3,-1.252148113E-3,-1.759894967E-2,1.819735122E-2
4.280441542E0,-2.436518774E-3,-5.921914974E-3,-1.550330758E-2,1.677373681E-2
4.290391542E0,8.032781524E-3,6.613749079E-5,-1.700077951E-2,1.880309701E-2
4.300341542E0,3.314087628E-3,-1.039016760E-2,-7.120739222E-3,1.302473365E-2
4.310291542E0,2.629725854E-3,-5.225138145E-3,-1.715046823E-2,1.812059842E-2
4.320241542E0,5.580742504E-3,-8.185405273E-4,-6.074087620E-3,8.289103444E-3
4.330192542E0,7.199610395E-3,-4.218510278E-3,-1.131377757E-2,1.405815712E-2
4.340142542E0,1.405894482E-2,-4.080826622E-3,-1.520568430E-2,2.110734257E-2
4.350092542E0,2.369673222E-3,7.064503168E-3,-6.074672341E-3,9.613750582E-3
4.360042542E0,5.050811176E-3,1.211473648E-2,-1.460692942E-2,1.963771678E-2
4.369992542E0,1.370226466E-3,9.452102903E-3,-9.068446755E-3,1.317028839E-2
4.379942542E0,-3.694252577E-4,2.554409833E-3,-1.774980783E-2,1.793647576E-2
4.389893542E0,4.769238050E-3,2.808125317E-4,-9.666616917E-3,1.078276263E-2
4.399843542E0,4.537361688E-3,6.057907278E-3,-1.101381540E-2,1.336375776E-2
4.409793542E0,2.885377086E-3,5.032081814E-3,-1.011626780E-2,1.166130878E-2
4.419743542E0,1.968330389E-3,7.190662556E-3,-6.823115945E-3,1.010617948E-2
4.429693542E0,1.250886165E-2,-2.136594298E-3,-1.640377879E-2,2.073934940E-2
4.439644542E0,9.885633972E-3,5.089217790E-3,-1.236159861E-2,1.662633504E-2
4.449594542E0,4.302961431E-3,-2.817690996E-3,-1.520568430E-2,1.605203086E-2
4.459544542E0,9.819023679E-3,-1.523790566E-2,-1.670257151E-2,2.464919654E-2
4.469494542E0,1.156202842E-2,9.943704132E-4,-1.370879710E-2,1.796107991E-2
4.479444542E0,5.310219701E-3,6.373219524E-3,-1.520509958E-2,1.732083756E-2
4.489394542E0,8.519772361E-3,3.612823247E-3,-1.071502268E-2,1.415806216E-2
4.499345542E0,1.675083388E-3,4.256836949E-3,-3.979030252E-3,6.062940451E-3
4.509295542E0,6.386760625E-3,-7.464485838E-3,-1.284048557E-3,9.907473987E-3
4.519245542E0,2.651308018E-3,4.311602062E-3,-1.715222239E-2,1.788345827E-2
4.529195542E0,-9.861511923E-4,9.796075642E-3,-1.221249461E-2,1.568695690E-2
4.539145542E0,-3.719388752E-3,-3.417452011E-3,-2.284039378E-2,2.339222989E-2
4.549096542E0,3.894042342E-3,-8.717204968E-4,-1.176342845E-2,1.242182399E-2
4.559046542E0,3.783137107E-3,-4.637522665E-3,-1.595471263E-2,1.704029336E-2
4.568996542E0,3.643381801E-3,-4.158158333E-4,-1.385907054E-2,1.433600258E-2
4.578946542E0,2.377048479E-3,6.297960605E-3,-1.580502391E-2,1.717886632E-2
4.588896542E0,6.980282706E-3,2.869995026E-3,-2.313977122E-2,2.433947884E-2
4.598846542E0,1.517417558E-2,7.292536584E-3,-1.909817576E-2,2.545932073E-2
4.608797542E0,8.150749099E-3,1.801201663E-3,-1.236218333E-2,1.491652155E-2
4.618747542E0,9.679026261E-3,1.349387766E-3,-3.829926252E-3,1.049631992E-2
4.628697542E0,1.891578832E-3,-5.891742428E-3,-1.146346629E-2,1.302696276E-2
4.638647542E0,3.198876923E-3,-1.010460991E-2,-1.310945749E-2,1.685804944E-2
4.648597542E0,1.136161053E-2,5.753319876E-3,-1.954607248E-2,2.332886266E-2
4.658547542E0,3.720165335E-3,3.542350593E-4,-1.939638376E-2,1.975309636E-2
4.668498542E0,-1.540512918E-3,-1.227743982E-4,-1.161198556E-2,1.171436991E-2
4.678448542E0,6.429776489E-3,2.037734098E-3,-1.505482614E-2,1.649673228E-2
4.688398542E0,2.236304171E-3,4.292538083E-3,-6.821946502E-3,8.364561771E-3
4.698348542E0,-3.915916868E-3,-1.704747729E-3,-1.370762765E-2,1.435756336E-2
4.708298542E0,4.078380384E-3,-4.662813015E-3,-1.550389230E-2,1.669567873E-2
4.718248542E0,6.748495423E-3,3.719256276E-3,-1.490513742E-2,1.677909948E-2
4.728199542E0,4.671087053E-3,7.888475211E-3,-1.041447580E-2,1.387473969E-2
4.738149542E0,1.997164472E-3,4.519004629E-3,-1.101381540E-2,1.207121363E-2
4.748099542E0,8.528645968E-3,-2.304562420E-3,-7.720078826E-3,1.173236664E-2
4.758049542E0,6.176507541E-3,7.066349838E-3,-1.415669382E-2,1.698512659E-2
4.767999542E0,1.057829605E-2,-5.111300165E-4,-7.120739222E-3,1.276191711E-2
4.777949542E0,1.540022985E-2,1.613437518E-3,-1.400700510E-2,2.087980967E-2
4.787900542E0,4.316937646E-3,3.368732828E-3,-1.251011789E-2,1.365603753E-2
4.797850542E0,3.722577312E-3,-2.174423042E-3,-1.610323191E-2,1.667032619E-2
4.807800542E0,3.970494687E-3,-1.057499786E-3,-1.206222117E-2,1.274285342E-2
4.817750542E0,7.222428240E-3,2.556961138E-3,-1.026595652E-2,1.280981589E-2
4.827700542E0,-1.662201241E-3,-3.022686155E-3,-1.146346629E-2,1.197124070E-2
4.837651542E0,-3.909046389E-4,1.963140985E-3,-1.281124949E-2,1.296668202E-2
4.847601542E0,3.613771135E-3,6.816399641E-3,-2.179257274E-2,2.311793400E-2
4.857551542E0,1.044267491E-2,1.242596481E-2,-1.490689158E-2,2.203791000E-2
4.867501542E0,5.360544585E-3,3.920590072E-3,-1.056533396E-2,1.247929271E-2
4.877451542E0,4.225195746E-3,1.604576474E-3,-1.700194895E-2,1.759241919E-2
4.887401542E0,-9.827342257E-4,-2.844086835E-3,-1.176284373E-2,1.214162629E-2
4.897352542E0,-3.714809194E-5,9.040643930E-3,-1.340941966E-2,1.617241968E-2
4.907302542E0,8.068319347E-3,3.117448735E-3,-9.966579080E-3,1.319655115E-2
4.917252542E0,9.465027305E-3,-2.123487170E-4,-3.979614973E-3,1.026981836E-2
4.927202542E0,5.404570007E-3,1.537129869E-2,-7.272766829E-3,1.784318743E-2
4.937152542E0,6.217077167E-3,7.249847342E-3,-1.285218000E-3,9.636603151E-3
4.947102542E0,5.286145618E-3,9.589456511E-4,-1.565533519E-2,1.655150845E-2
4.957052542E0,1.190857873E-2,8.703237888E-4,-8.021210432E-3,1.438441961E-2
4.967003542E0,4.200230876E-3,-1.449833110E-3,6.601506472E-4,4.492188146E-3
4.976953542E0,5.741011030E-3,8.198007621E-3,-1.520626903E-2,1.820431691E-2
4.986903542E0,5.583245843E-3,5.024749953E-3,-1.820004344E-2,1.968914237E-2
4.996853542E0,9.886707484E-3,-5.452629095E-3,-1.086588085E-2,1.566989201E-2
5.006803542E0,6.460922048E-4,-6.161585720E-3,-9.519267082E-3,1.135777353E-2
5.016753542E0,4.570249992E-3,-6.645308055E-3,-1.580560863E-2,1.774442358E-2
5.026704542E0,-1.500153425E-3,-9.015958859E-3,-1.595588207E-2,1.838826112E-2
5.036654542E0,-4.876632672E-3,4.808082063E-3,-1.625467479E-2,1.763841410E-2
5.046604542E0,8.046823977E-3,2.502490670E-3,-9.518682361E-3,1.271295204E-2
5.056554542E0,7.211348223E-3,9.126278231E-3,-1.221307933E-2,1.686569905E-2
5.066504542E0,-2.452632878E-3,1.121770736E-2,-1.251187205E-2,1.698232342E-2
5.076454542E0,3.249555838E-3,7.873979369E-3,-1.490689158E-2,1.716900058E-2
5.086405542E0,-1.015725313E-4,1.265366018E-3,-4.578954577E-3,4.751662147E-3
5.096355542E0,2.947855499E-3,1.772811261E-2,-8.470861316E-3,1.986784639E-2
5.106305542E0,-8.666144614E-4,3.927276683E-3,-1.520685375E-2,1.572968288E-2
5.116255542E0,8.284901585E-3,4.508751445E-4,-2.523599803E-2,2.656498597E-2
5.126205542E0,7.111710298E-3,-1.402905778E-2,-1.176459789E-2,1.964170688E-2
5.136155542E0,-1.163712859E-2,1.961390247E-3,-6.824870110E-3,1.363263238E-2
5.146106542E0,5.605739350E-3,9.862870944E-4,-1.685401440E-2,1.778917865E-2
5.156056542E0,2.912324527E-4,2.634224327E-3,-1.879996777E-2,1.898585637E-2
5.166006542E0,2.103999497E-3,-7.790199732E-3,-6.225530505E-3,1.019172487E-2
5.175956542E0,4.005114315E-4,-9.241635116E-3,3.504236341E-3,9.891809812E-3
5.185906542E0,4.631140977E-3,3.922682279E-3,-1.146463573E-2,1.297199967E-2
5.195856542E0,5.916507442E-3,1.377746648E-2,-2.104471385E-2,2.583996177E-2
5.205807542E0,1.157370001E-2,1.634460543E-2,-1.655405223E-2,2.598332742E-2
5.215757542E0,6.012623333E-3,8.901576129E-3,-1.296210766E-2,1.683466459E-2
5.225707542E0,-7.456090744E-4,4.680632176E-3,-1.939872265E-2,1.996934378E-2
5.235657542E0,5.684544286E-4,1.308645692E-3,3.601884842E-4,1.471539918E-3
5.245607542E0,2.320453827E-3,6.294231863E-3,-1.865027905E-2,1.982005977E-2
5.255557542E0,2.247242576E-3,7.668087714E-3,-1.176459789E-2,1.422165363E-2
5.265508542E0,1.113159112E-3,1.155900317E-2,-1.311179638E-2,1.751481892E-2
5.275462792E0,-6.773236454E-3,5.728534305E-3,-3.980784416E-3,9.723141567E-3
5.285412792E0,-4.275456676E-4,5.364844344E-3,-1.954899609E-2,2.027628167E-2
5.295362792E0,2.996791669E-3,-7.326554360E-3,-1.685459912E-2,1.862086654E-2
5.305312792E0,7.965232478E-5,6.889641727E-3,-7.723002434E-3,1.034979585E-2
5.315262792E0,-4.432116374E-3,1.716377864E-2,-1.775214672E-2,2.508740054E-2
5.325212792E0,2.449670441E-3,4.037723963E-3,-1.595588207E-2,1.664014041E-2
5.335163792E0,8.550180166E-3,-2.049446802E-3,-2.284156322E-2,2.447535135E-2
5.345113792E0,6.154701537E-3,1.136233915E-3,-1.685459912E-2,1.797912373E-2
5.355063792E0,-2.840794350E-3,9.898047885E-3,-9.071370363E-3,1.372338241E-2
5.365013792E0,-1.760194637E-3,6.056544831E-3,-1.131670117E-2,1.295560674E-2
5.374963792E0,-5.837533486E-3,1.072517308E-2,-1.416020215E-2,1.869806032E-2
5.384913792E0,-1.190605026E-3,1.186861209E-2,-8.622304201E-3,1.471820720E-2
5.394864792E0,-2.460613414E-3,9.953894505E-3,-1.535829663E-2,1.846650778E-2
5.404814792E0,4.228183308E-3,6.176027886E-3,-1.880113721E-2,2.023619566E-2
5.414764792E0,6.859875745E-3,1.996112658E-3,-2.314211011E-2,2.421981877E-2
5.424714792E0,4.853065652E-3,-7.935056506E-3,-1.924961865E-2,2.137908291E-2
5.434664792E0,1.024992464E-2,4.475803755E-3,-2.014775097E-2,2.304399366E-2
5.444614792E0,9.434907292E-3,2.764115883E-3,-1.550681591E-2,1.836080477E-2
5.454564792E0,8.506931327E-3,2.948742859E-3,-1.864969432E-2,2.070927482E-2
5.464515792E0,3.086546429E-3,3.621297141E-3,-1.954841137E-2,2.011916869E-2
5.474465792E0,6.314045016E-3,6.834848063E-3,-1.879996777E-2,2.097667992E-2
5.484415792E0,8.683855282E-3,-3.884629696E-5,-1.281241894E-2,1.547801443E-2
5.494365792E0,-1.988030481E-4,-2.235203250E-3,-9.668955803E-3,9.925943912E-3
5.504315792E0,1.723469098E-3,2.079418350E-3,-2.284156322E-2,2.300068123E-2
5.514265792E0,2.632640325E-4,1.951207869E-3,-1.460926831E-2,1.474134460E-2
5.524216792E0,-3.248516587E-4,-1.099210305E-3,-1.206456006E-2,1.211888614E-2
5.534166792E0,5.121219875E-3,5.434966392E-3,-1.475895703E-2,1.654063376E-2
5.544116792E0,5.354142340E-3,1.885005282E-3,-1.176576734E-2,1.306343623E-2
5.554066792E0,3.727579422E-3,1.036201988E-3,-3.383198977E-3,5.139513423E-3
5.564016792E0,1.322943962E-3,6.558192536E-3,-1.865086377E-2,1.981450957E-2
5.573966792E0,4.818466580E-3,2.146970822E-3,-8.023549318E-3,9.602314698E-3
5.583916792E0,9.638171126E-3,4.753755491E-3,-9.820398688E-3,1.455791071E-2
5.593867792E0,1.066987807E-2,-1.111918748E-2,-1.475954175E-2,2.133838562E-2
5.603817792E0,1.273023358E-2,6.284859187E-3,-1.026829541E-2,1.752130682E-2
5.613767792E0,8.533531590E-4,2.289235177E-3,-4.878916740E-3,5.456430873E-3
5.623717792E0,1.023347250E-2,3.487098974E-4,-6.075841784E-3,1.190636012E-2
5.633667792E0,2.282472050E-3,-3.196077797E-3,-1.296152294E-2,1.354347329E-2
5.643617792E0,5.676550046E-4,-4.685469833E-3,-1.475720286E-2,1.549357596E-2
5.653567792E0,1.197730863E-2,-2.994556708E-3,-1.370938182E-2,1.844913120E-2
5.663518792E0,4.364128788E-3,2.701454745E-3,-1.565533519E-2,1.647522375E-2
5.673468792E0,9.137622057E-3,1.092411089E-2,-1.056533396E-2,1.773298106E-2
5.683418792E0,4.985888810E-3,-6.265559950E-3,-1.281124949E-2,1.510776100E-2
5.693368792E0,1.396593754E-3,-6.479206018E-3,-1.760187328E-2,1.880841640E-2
5.703318792E0,3.243448238E-3,9.639687748E-3,-1.086588085E-2,1.488324235E-2
5.713268792E0,2.035299281E-3,4.104826472E-3,-6.524907947E-3,7.972858160E-3
5.723219792E0,-5.010426559E-3,9.438197493E-3,-1.251245677E-2,1.645434656E-2
5.733169792E0,2.908610632E-3,4.878658641E-3,-1.490747631E-2,1.595287359E-2
5.743119792E0,1.167864154E-2,5.336874782E-4,-1.415961742E-2,1.836219639E-2
5.753069792E0,6.097983546E-3,5.157778678E-3,-1.296152294E-2,1.522462351E-2
5.763019792E0,2.608303574E-3,9.540269093E-4,-2.643292308E-2,2.657842805E-2
5.772969792E0,3.452305757E-3,3.189653854E-3,-1.266156077E-2,1.350582941E-2
5.782919792E0,9.494194861E-3,7.020822640E-3,-1.775156200E-2,2.132016979E-2
5.792870792E0,9.388842196E-3,7.020701584E-3,-1.820062816E-2,2.164956060E-2
5.802820792E0,9.360318747E-4,6.094855514E-3,-1.730249584E-2,1.836844527E-2
5.812770792E0,8.692105338E-3,3.213537218E-3,-1.445841014E-2,1.717338466E-2
5.822720792E0,2.747930973E-3,-2.814020498E-3,-4.129888415E-3,5.703140742E-3
5.832670792E0,-2.722157543E-3,7.952240696E-3,-1.805093944E-2,1.991192327E-2
5.842620792E0,4.073394262E-3,1.469578883E-3,-2.643409252E-2,2.678644154E-2
5.852570792E0,-2.146284459E-3,1.112235206E-2,-7.124247551E-3,1.338163501E-2
5.862521792E0,-1.443759771E-3,6.868342787E-3,-8.771408200E-3,1.123370717E-2
5.872471792E0,-4.857864480E-3,5.501862194E-3,-2.029743969E-2,2.158368349E-2
5.882421792E0,1.143979877E-2,6.949866907E-3,-2.433845043E-2,2.777642553E-2
5.892371792E0,5.777309448E-3,9.493369170E-3,-2.014775097E-2,2.300941616E-2
5.902321792E0,2.473550378E-3,3.609575301E-3,-1.131670117E-2,1.213322755E-2
5.912271792E0,6.797842726E-3,5.170641410E-3,-1.311238110E-2,1.564866564E-2
5.922221792E0,2.506290218E-3,1.351076949E-2,-1.670432568E-2,2.162999952E-2
5.932172792E0,1.049874651E-2,4.161623265E-3,-1.221366405E-2,1.663479414E-2
5.942122792E0,1.975210004E-3,7.259092110E-3,-9.668955803E-3,1.225090116E-2
5.952072792E0,-7.436561957E-4,4.542369508E-3,-2.239191234E-2,2.286009369E-2
5.962022792E0,2.343611999E-3,8.358885994E-3,-1.296210766E-2,1.560063227E-2
5.971972792E0,4.289821184E-3,1.050006670E-2,-1.416020215E-2,1.814291298E-2
5.981922792E0,1.349909676E-3,1.330226714E-3,-1.835090160E-2,1.844850533E-2
5.991872792E0,2.906331131E-3,6.181965322E-3,-1.835148633E-2,1.958163697E-2
6.001822792E0,1.573590799E-3,6.100992806E-3,-8.023549318E-3,1.020174715E-2
6.011773792E0,-5.815485371E-3,-8.644662949E-4,-7.275105715E-3,9.353840668E-3
6.021723792E0,7.681368431E-4,1.122175473E-3,-3.383783698E-3,3.646821097E-3
6.031673792E0,1.639755699E-4,-7.993326522E-4,-1.715456128E-2,1.717395684E-2
6.041623792E0,4.049525745E-3,6.750324962E-4,-1.386140943E-2,1.445659015E-2
6.051573792E0,9.018416516E-4,1.411406396E-2,-1.565767407E-2,2.109935727E-2
6.061523792E0,-1.144364057E-4,3.411543126E-3,-1.056825757E-2,1.110584487E-2
6.071473792E0,1.005361351E-2,1.065023622E-2,-1.341234326E-2,1.985934611E-2
6.081424792E0,9.012500779E-3,3.140765650E-3,-1.969926953E-2,2.188951345E-2
6.091374792E0,6.811919441E-3,4.672088617E-3,-1.311296582E-2,1.549775891E-2
6.101324792E0,6.167026372E-3,8.797878271E-3,-1.131728590E-2,1.560499396E-2
6.111274792E0,8.508498198E-4,-5.504102865E-4,-1.026888013E-2,1.031875942E-2
6.121224792E0,8.267652299E-3,6.237706875E-3,-8.771408200E-3,1.357205450E-2
6.131174792E0,8.877167429E-3,3.521179562E-3,-1.026829541E-2,1.402286339E-2
6.141124792E0,9.446421282E-3,4.375087749E-4,-1.086705029E-2,1.440552224E-2
6.151075792E0,5.254040749E-3,-3.453330161E-3,1.706802249E-3,6.514875848E-3
6.161025792E0,7.361269919E-3,-4.107600474E-4,-1.026829541E-2,1.264100112E-2
6.170975792E0,6.280962566E-3,5.326193335E-3,-1.251362622E-2,1.498030932E-2
6.180925792E0,1.981132594E-3,1.029500759E-2,-1.909992993E-2,2.178805615E-2
6.190875792E0,8.103569378E-3,1.046944191E-2,-1.595646679E-2,2.073368957E-2
6.200825792E0,-9.472192428E-4,7.528963953E-4,-2.134467602E-2,2.137894459E-2
6.210775792E0,1.346766797E-3,1.554822607E-3,-2.224339306E-2,2.233830318E-2
6.220725792E0,6.494630333E-3,8.404686138E-3,-1.895024121E-2,2.172396405E-2
6.230676792E0,8.609289578E-3,3.030798024E-3,-7.424794436E-3,1.176576288E-2
6.240626792E0,-2.341138353E-3,9.414627047E-3,-2.164522290E-2,2.371986100E-2
6.250576792E0,4.597878086E-3,-7.941585516E-3,-1.206456006E-2,1.515793102E-2
6.260526792E0,6.523850423E-3,-2.180728214E-3,-2.149494946E-2,2.256876275E-2
6.270472625E0,1.055606064E-2,4.935342371E-3,-1.550798535E-2,1.939808316E-2
6.280422625E0,1.246644650E-3,4.994613952E-3,-6.825454831E-3,8.549100834E-3
6.290372625E0,5.307026573E-3,8.771742816E-3,-1.790300488E-2,2.063069526E-2
6.300323625E0,1.034810305E-2,7.388974529E-3,-6.888020039E-4,1.273399503E-2
6.310273625E0,1.002773045E-2,5.928517075E-4,-5.179463625E-3,1.130193322E-2
6.320223625E0,-1.096560785E-3,8.874017699E-4,-9.370163083E-3,9.475752406E-3
6.330173625E0,3.165773917E-3,1.042418994E-2,-6.826039553E-3,1.285615325E-2
6.340123625E0,1.235411600E-3,-2.833384832E-3,-2.493837476E-2,2.512920307E-2
6.350073625E0,6.492588376E-3,4.421231645E-3,-8.024134040E-3,1.122887885E-2
6.360023625E0,1.374444912E-2,5.942251179E-3,-1.401168287E-2,2.050725451E-2
6.369973625E0,-3.144527511E-3,6.658242736E-3,-1.236510694E-2,1.439152943E-2
6.379924625E0,6.675498874E-3,2.943912054E-3,-7.724756598E-3,1.062547730E-2
6.389874625E0,2.582808801E-3,6.991878923E-3,-1.610790968E-2,1.774885986E-2
6.399824625E0,-6.685971329E-4,7.926901239E-3,-1.461043775E-2,1.663573493E-2
6.409774625E0,1.804832190E-3,1.218380671E-2,-2.299359083E-2,2.608462736E-2
6.419724625E0,7.475694905E-3,8.016620596E-3,-1.550915480E-2,1.899173775E-2
6.429674625E0,8.007154274E-3,-4.012379937E-3,1.106293201E-3,9.024278197E-3
6.439624625E0,-1.141799048E-3,-5.473878927E-3,-2.464016676E-2,2.526667516E-2
6.449574625E0,3.707660059E-4,-5.526775672E-3,-2.089736402E-2,2.161903189E-2
6.459525625E0,1.377976311E-3,-1.039317457E-3,-1.356261671E-2,1.367199954E-2
6.469475625E0,7.607179598E-3,1.102779504E-2,-1.730425000E-2,2.188420693E-2
6.479425625E0,6.076515585E-3,-8.367297077E-4,-3.152467847E-2,3.211587630E-2
6.489375625E0,-3.689992789E-2,2.211905294E-2,1.175395596E-1,1.251655114E-1
6.499325625E0,-2.100436807E-1,8.736401651E-2,6.358782703E-1,6.753458327E-1
6.509275625E0,2.926434955E-1,-9.557794752E-2,-9.113002539E-1,9.618957907E-1
6.519225625E0,2.079527712E-1,-6.557698949E-2,-5.976398188E-1,6.361745433E-1
6.529175625E0,-9.287335446E-2,3.862283739E-2,3.288591027E-1,3.438975036E-1
6.539126625E0,-1.614614682E-1,7.134312528E-2,5.110156578E-1,5.406446612E-1
6.549076625E0,4.297749186E-1,6.465842846E-2,-2.011839795E-1,4.789177243E-1
6.559026625E0,2.354629889E0,7.072950659E-1,-2.991628486E-1,2.476700756E0
6.568976625E0,2.978530723E0,8.720436560E-1,3.222038019E-1,3.120243692E0
6.578926625E0,-3.949874865E0,-2.373936518E0,4.244376898E-2,4.608566753E0
6.588876625E0,-3.073323444E0,-2.094962936E0,-2.127310610E-1,3.725512206E0
6.598826625E0,7.108150897E-1,8.297220207E-1,1.087026626E-1,1.097958557E0
6.608776625E0,1.197268568E-2,1.016898045E0,1.720133901E-2,1.017113988E0
6.618727625E0,9.362903034E-1,7.467298577E-1,-5.644726574E-2,1.198929233E0
6.628677625E0,8.341694129E-1,1.032378914E0,4.232243925E-1,1.393112959E0
6.638627625E0,1.773111136E-1,1.740310888E0,1.835692424E-1,1.758925491E0
6.648577625E0,-1.034773202E0,1.887204055E0,5.965259242E-1,2.233413957E0
6.658527625E0,-1.452657698E0,1.149464291E0,1.501139302E0,2.384303200E0
6.668477625E0,-1.208333693E0,1.413348476E0,8.110789776E-2,1.861236878E0
6.678427625E0,2.174677077E-1,2.203842477E0,-1.440801299E0,2.641992099E0
6.688377625E0,2.057062892E0,8.285718734E-1,-2.479950339E-1,2.231488433E0
6.698328625E0,2.196346346E0,-1.439599696E0,1.219666620E0,2.895508802E0
6.708278625E0,1.507870325E0,-2.210761487E0,1.847212608E0,3.251666294E0
6.718228625E0,5.693320226E-1,-1.500172319E0,3.021366255E0,3.421010083E0
6.728178625E0,-7.697466912E-1,7.934619015E-1,5.790766048E0,5.895342499E0
6.738128625E0,-1.449280639E-1,2.447705137E0,1.032172259E1,1.060896893E1
6.748078625E0,7.425451516E-1,4.089223954E0,7.575175467E0,8.640394042E0
6.758028625E0,-1.929029188E0,3.568152840E0,2.077649623E0,4.557356279E0
6.767978625E0,-3.593847259E0,-4.146227875E0,-9.379964771E0,1.086695370E1
6.777929625E0,1.477388205E0,-5.747094364E0,-3.709411629E0,6.997964287E0
6.787879625E0,-1.912974488E0,-4.412334367E0,3.012046378E0,5.674556312E0
6.797829625E0,-4.073513947E0,-6.755388285E-2,-1.949433632E0,4.516455567E0
6.807779625E0,-1.088529580E0,4.436560551E0,-1.266346112E0,4.740421779E0
6.817729625E0,-1.373623954E0,1.061533350E0,8.086523831E-2,1.737882334E0
6.827679625E0,-1.270669397E-2,-3.221075275E0,1.086461200E0,3.399394847E0
6.837629625E0,1.780794670E0,-2.120339413E0,2.186295567E0,3.528024545E0
6.847579625E0,2.601183292E0,-4.885293860E-2,2.240316823E0,3.433301705E0
6.857529625E0,2.162424455E0,7.946098562E-1,3.310835005E0,4.033498826E0
6.867480625E0,-2.158925043E-1,1.300067882E0,4.684976292E0,4.866804796E0
6.877430625E0,-1.810647191E0,9.134846275E-1,4.914784146E0,5.316765992E0
6.887380625E0,1.217948708E-1,-1.296822385E0,3.634918102E0,3.861244864E0
6.897330625E0,5.915086039E0,-4.301972557E0,2.250081673E0,7.652325023E0
6.907280625E0,1.123020565E1,-4.238466532E0,1.823310360E0,1.214111108E1
6.917230625E0,1.064252656E1,-6.856782458E0,-2.567251022E0,1.291780226E1
6.927180625E0,5.810092850E0,-4.542512391E0,-5.454849941E-1,7.395211398E0
6.937130625E0,3.391448228E0,-1.674513632E0,3.452865043E0,5.121346892E0
6.947081625E0,-7.383097941E-1,-3.705848336E-2,-6.672930211E-1,9.958687962E-1
6.957031625E0,-4.234295713E0,2.949874981E0,-1.694413168E0,5.431579749E0
6.966981625E0,-4.803142088E0,2.307051680E0,-2.010801330E0,5.695259727E0
6.976931625E0,-2.891036496E0,4.723673165E-2,-1.556368008E0,3.283687669E0
6.986881625E0,6.353145987E-1,-4.082814236E0,-2.271292448E-1,4.138186127E0
6.996831625E0,2.666228596E0,-4.585114327E0,-1.664180725E0,5.558915883E0
7.006781625E0,2.102163489E0,-3.227826762E0,-3.935704722E0,5.507061703E0
7.016731625E0,8.148504317E-1,-1.222770907E0,-4.296543417E0,4.540862831E0
7.026681625E0,-1.201953650E-2,6.557769299E-2,-3.227377111E0,3.228065663E0
7.036632625E0,-5.820856404E-1,5.503314587E-1,4.891593504E-1,9.385975055E-1
7.046582625E0,-1.317436159E-1,-2.581963786E-1,3.759131089E0,3.770290213E0
7.056532625E0,1.097196103E0,-4.868321586E-1,4.822784055E0,4.969918599E0
7.066482625E0,2.615738474E0,-7.607929230E-1,5.015022379E0,5.707130899E0
7.076432625E0,3.809524732E0,-1.152773596E0,2.063499945E0,4.483235179E0
7.086382625E0,4.733220499E0,-1.796145073E0,-1.563217437E0,5.298411287E0
7.096332625E0,5.192801709E0,-2.016781277E0,-4.066304038E0,6.896914153E0
7.106282625E0,5.107131813E0,-5.708060691E-1,-8.060114297E0,9.558977843E0
7.116232625E0,4.779408824E-1,3.286311490E0,-1.048347294E1,1.099688482E1
7.126183625E0,-5.632771357E0,6.551628553E0,-1.887953083E0,8.843998909E0
7.136133625E0,-3.136871569E0,5.772230374E0,2.459236577E0,7.014731019E0
7.146083625E0,3.161764920E-2,2.728163474E0,7.419520247E-1,2.827431418E0
7.156033625E0,1.176657425E0,1.738345054E-1,-2.930332124E-2,1.189789820E0
7.165983625E0,1.237001860E0,-2.502035272E-1,-9.231934905E-2,1.265424146E0
7.175933625E0,1.086896818E0,-2.851013182E-1,-5.455849814E-1,1.249115858E0
7.185883625E0,7.235724717E-1,1.373788700E-1,-1.418798227E0,1.598567635E0
7.195833625E0,6.886300957E-1,-3.808464047E-1,-4.282214230E-1,8.958956300E-1
7.205783625E0,3.770468840E-1,-1.337686236E0,7.455907470E-1,1.577172908E0
7.215734625E0,-2.982433739E-1,-1.438194610E0,-2.460379708E-1,1.489257376E0
7.225684625E0,-1.003202696E0,-9.041450161E-1,-1.936307802E0,2.360758727E0
7.235634625E0,-1.868221654E0,-7.995082149E-1,-3.084160674E0,3.693441836E0
7.245584625E0,-2.953971248E0,-5.704634222E-1,-2.496943517E0,3.909744438E0
7.255534625E0,-3.568839595E0,-2.418931720E-1,-1.228356167E0,3.782061242E0
7.265484625E0,-2.874034255E0,-1.788195491E-2,9.101191163E-2,2.875530530E0
7.275435000E0,-2.039336619E0,4.988288909E-2,2.257788888E0,3.042859315E0
7.285385000E0,-1.600402366E0,-1.382006961E-1,5.290327418E0,5.528829113E0
7.295335000E0,-1.903264602E0,-1.099010202E0,4.929999186E0,5.397696874E0
7.305286000E0,-2.114654604E0,-2.385230708E0,1.201848400E0,3.406688891E0
7.315236000E0,-1.771906610E0,-3.001061214E0,-2.802173436E0,4.471934415E0
7.325186000E0,-1.312012281E0,-2.872275997E0,-3.586976196E0,4.778885211E0
7.335136000E0,-8.517444621E-1,-2.797180206E0,-2.858879149E0,4.089361286E0
7.345086000E0,-1.749932627E0,-2.552313433E0,-7.228439087E-1,3.177903613E0
7.355036000E0,-2.618440180E0,-1.421820652E0,3.638898886E0,4.703125349E0
7.364986000E0,-1.889848166E0,-8.142008060E-1,5.851530898E0,6.202810886E0
7.374936000E0,-8.622405796E-1,-5.307076183E-1,5.862112604E0,5.948905242E0
7.384886000E0,-1.526055458E0,-7.754185635E-1,4.016079379E0,4.365662927E0
7.394837000E0,-5.414239858E0,-2.699270919E0,1.182067854E0,6.164198338E0
7.404787000E0,-8.201433898E0,3.359546989E-1,2.476993986E0,8.573907088E0
7.414737000E0,-4.632733466E0,3.609812205E0,4.534933814E0,7.420147453E0
7.424687000E0,-1.459983236E0,-6.852977675E-1,5.132192979E0,5.379645793E0
7.434637000E0,2.414819300E-1,-6.682122034E-1,6.348620242E0,6.388254851E0
7.444587000E0,4.036970311E-1,2.881753457E-1,3.994047655E0,4.024727692E0
7.454537000E0,4.630034392E-1,2.990979445E-1,2.228139412E0,2.295307605E0
7.464487000E0,-1.195148733E0,-7.832520783E-1,2.225146222E0,2.644454579E0
7.474437000E0,-1.980848967E0,-6.308262759E-1,4.917395512E0,5.338771680E0
7.484388000E0,-9.372909813E-1,-2.505911976E-1,7.586762309E0,7.648547095E0
7.494338000E0,2.286553681E-3,-1.153578173E0,7.411399049E0,7.500638886E0
7.504288000E0,2.757513280E-1,-2.406953698E-1,5.442590083E0,5.454884038E0
7.514238000E0,3.561337325E-1,8.917237759E-2,3.204774114E0,3.225734036E0
7.524188000E0,4.902027860E-1,1.809958827E-1,1.608116452E0,1.690886396E0
7.534138000E0,1.193227996E0,-1.886428714E-1,2.074273440E0,2.400414441E0
7.544088000E0,6.480812632E-1,-7.593919301E-1,3.839444350E0,3.967117133E0
7.554038000E0,-7.413510771E-1,-3.223061281E-1,5.994153258E0,6.048417640E0
7.563988000E0,-1.346906856E0,-1.541519004E-1,4.246522241E0,4.457675631E0
7.573938000E0,-2.543898120E0,7.247974634E-1,2.402118636E0,3.573083115E0
7.583889000E0,-3.549884091E-1,-1.384782634E0,4.378185166E0,4.605664454E0
7.593839000E0,-5.029226728E-1,-1.383069400E0,3.340530090E0,3.650336075E0
7.603789000E0,-3.344429013E-1,-7.969322240E-1,2.883685377E0,3.010414320E0
7.613739000E0,-6.561876968E-1,-1.600071852E0,2.327884725E0,2.899975779E0
7.623689000E0,-1.413839495E0,-1.235482169E0,8.573322076E-1,2.064068028E0
7.633639000E0,-3.880954903E-1,-2.336926859E0,2.573078942E-1,2.382866468E0
7.643589000E0,6.399564108E-1,-3.904285294E0,1.514858624E0,4.236482564E0
7.653539000E0,7.597100186E-1,-4.958786783E0,7.355709583E-1,5.070285032E0
7.663489000E0,-6.037019196E-1,-1.087158188E0,-9.556367666E-1,1.568314561E0
7.673439000E0,-1.956593255E0,2.107084506E0,-5.875890398E-1,2.934846361E0
7.683390000E0,-3.134458715E0,3.383590740E0,-2.630866975E-1,4.619819514E0
7.693340000E0,-2.441603129E0,-3.326766914E0,8.761000156E-2,4.127527038E0
7.703290000E0,-3.515796578E0,-3.153748972E0,-2.630972224E-1,4.730346531E0
7.713240000E0,-4.042157376E0,-3.248563328E0,-7.732433993E-1,5.243100734E0
7.723190000E0,-3.608378175E0,-3.281847433E0,-1.455335138E0,5.090080156E0
7.733140000E0,-2.589031608E0,-3.673679879E0,-1.641427454E0,4.784693576E0
7.743090000E0,-1.605406559E0,-4.141925493E0,-1.277872728E0,4.622319301E0
7.753040000E0,-1.587297440E0,-2.556740068E0,-1.882320752E0,3.549586504E0
7.762990000E0,-1.972880967E0,-2.206842683E0,-2.037842363E0,3.593774538E0
7.772941000E0,-2.897366107E0,-3.468098209E0,-2.100930604E0,4.983607624E0
7.782891000E0,-3.622516158E0,-3.366000561E0,-1.098039272E0,5.065399622E0
7.792841000E0,-3.288559452E0,-3.433257574E0,-2.751454103E-1,4.762098890E0
7.802791000E0,-3.052614360E0,-3.634466697E0,2.622625324E-1,4.753586461E0
7.812741000E0,-3.181543127E0,-3.629037557E0,2.309115162E-1,4.831712987E0
7.822691000E0,-2.534928199E0,-3.324315761E0,-6.619056889E-1,4.232618031E0
7.832641000E0,-1.445866157E0,-2.622339980E0,-1.847846446E0,3.518768592E0
7.842591000E0,-6.166385919E-1,-1.791937124E0,-3.120657824E0,3.650998092E0
7.852541000E0,1.074197835E-1,-1.465934386E0,-3.754917585E0,4.032357711E0
7.862491000E0,4.486644584E-1,-1.524185518E0,-3.679025696E0,4.007451979E0
7.872442000E0,-4.445760852E-1,-2.308015301E0,-3.348060719E0,4.090732588E0
7.882392000E0,-2.052061037E0,-2.878540996E0,-2.590284959E0,4.382525406E0
7.892342000E0,-2.990442671E0,-3.191638345E0,-1.241564589E0,4.546513534E0
7.902292000E0,-3.076252314E0,-3.371843099E0,6.008525714E-2,4.564675720E0
7.912242000E0,-2.614847943E0,-3.238683288E0,5.191852413E-1,4.194764894E0
7.922192000E0,-1.470944865E0,-3.489781439E0,4.101986964E-1,3.809267155E0
7.932142000E0,-5.602199775E-1,-3.064716927E0,-5.524186955E-1,3.164095871E0
7.942092000E0,5.501996040E-2,-2.754322747E0,-1.895565573E0,3.344023001E0
7.952042000E0,2.825333673E-1,-3.019905621E0,-2.947871432E0,4.229610034E0
7.961992000E0,-1.476188064E-2,-3.293367618E0,-3.252069903E0,4.628438920E0
7.971942000E0,-5.372760880E-1,-3.521206422E0,-3.069578303E0,4.702113484E0
7.981893000E0,-1.171838735E0,-3.615750052E0,-2.576594288E0,4.591916004E0
7.991843000E0,-1.067263037E0,-3.452181796E0,-1.861476306E0,4.064689850E0
8.001793000E0,-4.476797873E-1,-2.779482439E0,-1.714532268E0,3.296294999E0
8.011743000E0,4.762106913E-1,-2.395929650E0,-2.469180937E0,3.473342772E0
8.021693000E0,1.111881970E0,-2.493284037E0,-3.816914443E0,4.692715916E0
8.031643000E0,1.393326001E0,-2.485512210E0,-4.913074420E0,5.679562355E0
8.041593000E0,1.648290916E0,-2.700074619E0,-5.231240720E0,6.113357945E0
8.051543000E0,1.795596312E0,-3.007284698E0,-4.670649444E0,5.838055635E0
8.061493000E0,2.173034667E0,-3.020713706E0,-4.099354255E0,5.536379346E0
8.071443000E0,2.869501786E0,-3.082302428E0,-4.115338204E0,5.888177756E0
8.081394000E0,3.522586657E0,-2.803656290E0,-4.716811457E0,6.520537990E0
8.091344000E0,3.951910281E0,-2.527178007E0,-5.353097863E0,7.117575449E0
8.101294000E0,3.799388584E0,-2.216618497E0,-5.889874599E0,7.351147799E0
8.111244000E0,3.161817545E0,-2.340594817E0,-6.229255766E0,7.367435218E0
8.121194000E0,2.328191704E0,-2.759130912E0,-5.737987910E0,6.779217156E0
8.131144000E0,1.618859541E0,-3.513679009E0,-4.895631591E0,6.239699918E0
8.141094000E0,1.077493910E0,-4.139491298E0,-4.055774957E0,5.894547636E0
8.151044000E0,1.431671457E0,-4.211923097E0,-3.460351818E0,5.635957242E0
8.160994000E0,2.803193775E0,-3.633940155E0,-3.639709311E0,5.857550705E0
8.170944000E0,4.723869047E0,-2.971161477E0,-4.531717261E0,7.188824704E0
8.180895000E0,6.236710382E0,-2.238549502E0,-5.862478055E0,8.847389965E0
8.190845000E0,6.757611342E0,-1.685842466E0,-6.766251773E0,9.710280064E0
8.200795000E0,6.063122921E0,-1.462164979E0,-6.702327088E0,9.155357687E0
8.210745000E0,4.865509660E0,-1.553003667E0,-6.268361945E0,8.085627131E0
8.220695000E0,4.460410466E0,-1.829013442E0,-4.958059974E0,6.915411080E0
8.230645000E0,4.749051250E0,-2.379981223E0,-3.732727402E0,6.492384174E0
8.240595000E0,5.852856461E0,-2.714521042E0,-3.177582808E0,7.191772087E0
8.250545000E0,6.440201672E0,-2.983890281E0,-3.418320862E0,7.878116292E0
8.260495000E0,6.722228671E0,-3.644569516E0,-2.973300388E0,8.204374471E0
8.270445000E0,6.842878949E0,-3.845683037E0,-2.900679139E0,8.368285954E0
8.280395000E0,6.881474081E0,-3.646533011E0,-2.841543324E0,8.290130095E0
8.290346000E0,7.755641007E0,-2.931241074E0,-2.617478605E0,8.694442818E0
8.300296000E0,9.369472527E0,-2.536763348E0,-2.522443224E0,1.002920254E1
8.310246000E0,1.026810128E1,-2.870237950E0,-2.995078343E0,1.107441484E1
8.320196000E0,1.040803801E1,-4.192136119E0,-3.473315095E0,1.174585792E1
8.330146000E0,1.018732200E1,-5.372843910E0,-3.688141798E0,1.209344331E1
8.340096000E0,9.586140518E0,-6.542112209E0,-3.288933674E0,1.206276945E1
8.350046000E0,8.861234881E0,-8.754554186E0,-1.891091284E0,1.259920350E1
8.359996000E0,7.490734656E0,-9.212125708E0,1.556829354E0,1.197489388E1
8.369946000E0,6.596082010E0,-8.319588584E0,5.214973766E0,1.182877016E1
8.379896000E0,5.773372920E0,-7.179696697E0,7.037653211E0,1.159346550E1
8.389846000E0,4.723138145E0,-6.057868613E0,7.595233170E0,1.080247069E1
8.399797000E0,3.752570513E0,-5.627797131E0,6.855603075E0,9.630845213E0
8.409747000E0,2.936628406E0,-5.047378532E0,6.143826776E0,8.476226984E0
8.419697000E0,2.306178106E0,-4.844240413E0,6.553588539E0,8.469630770E0
8.429647000E0,1.746388776E0,-4.503279328E0,7.314804216E0,8.765600902E0
8.439597000E0,1.074059475E0,-4.392188662E0,7.863236791E0,9.070579796E0
8.449547000E0,7.942540531E-1,-3.836827136E0,8.315411918E0,9.192287928E0
8.459497000E0,9.861754583E-1,-3.396128340E0,7.946436238E0,8.697820338E0
8.469447000E0,1.080072313E0,-3.198540398E0,7.138490199E0,7.896534632E0
8.479397000E0,9.824319246E-1,-2.698256135E0,6.567690854E0,7.168006823E0
8.489347000E0,1.137237251E0,-2.297454060E0,5.396731541E0,5.974639324E0
8.499297000E0,1.100804566E0,-1.930876324E0,3.745556193E0,4.355369705E0
8.509247000E0,7.248154436E-1,-1.647346591E0,2.567965552E0,3.135850012E0
8.519198000E0,5.393364823E-2,-1.519699534E0,1.811380286E0,2.365056881E0
8.529148000E0,-5.723722458E-1,-1.421901929E0,1.399011249E0,2.075246385E0
8.539098000E0,-6.252092944E-1,-1.346913142E0,1.215256650E0,1.918830477E0
8.549048000E0,-5.186680185E-1,-1.269132310E0,1.195355067E0,1.818952190E0
8.558998000E0,-4.041445990E-1,-1.066954889E0,1.846209226E0,2.170302766E0
8.568948000E0,-4.201781394E-1,-8.368359625E-1,2.339790825E0,2.520211341E0
8.578898000E0,-5.771168227E-1,-5.919551557E-1,2.685461842E0,2.809836301E0
8.588848000E0,-6.010746194E-1,-3.529654187E-1,2.873121212E0,2.956467619E0
8.598798000E0,-6.459927839E-1,-2.830841750E-1,2.788262326E0,2.876082426E0
8.608748000E0,-6.300146824E-1,-2.385897875E-1,1.821787160E0,1.942357342E0
8.618698000E0,-5.400135716E-1,-7.017126560E-2,1.464218813E-1,5.638954082E-1
8.628649000E0,-3.601911154E-1,-1.379112589E-1,-1.104804500E0,1.170192351E0
8.638599000E0,-3.268184976E-1,-3.841117823E-1,-1.386943765E0,1.475793075E0
8.648549000E0,-2.925989105E-1,-3.136961031E-1,-6.286125201E-1,7.610342094E-1
8.658499000E0,-2.073010076E-1,-1.626110673E-1,4.330851370E-1,5.069307673E-1
8.668449000E0,-1.337238120E-1,-1.648254079E-1,1.068544747E0,1.089420648E0
8.678399000E0,1.197104115E-2,-1.824044770E-1,1.577353665E0,1.587910351E0
8.688349000E0,8.728796616E-2,-1.447291124E-1,1.783934625E0,1.791923115E0
8.698299000E0,1.359140328E-1,-5.955447614E-2,1.761845013E0,1.768082920E0
8.708249000E0,2.665678008E-1,-1.205730951E-1,1.576376595E0,1.603296428E0
8.718199000E0,3.192997822E-1,-4.839155674E-2,1.194165158E0,1.237062860E0
8.728149000E0,1.452251390E-1,4.773549914E-2,1.733623427E-1,2.311352867E-1
8.738099000E0,1.183554655E-1,-7.327204406E-2,-8.759041339E-1,8.868961949E-1
8.748050000E0,1.753087346E-1,2.112482071E-2,-9.131263393E-1,9.300425378E-1
8.758000000E0,2.006061284E-1,3.261109114E-2,-6.773940861E-1,7.072263074E-1
8.767950000E0,1.257165983E-1,7.387547672E-2,-2.878718752E-1,3.226956239E-1
8.777900000E0,4.480787136E-2,2.623821080E-2,1.993391830E-1,2.059910166E-1
8.787850000E0,1.239066658E-1,-1.271862960E-1,5.257594121E-1,5.549343881E-1
8.797800000E0,2.832550599E-1,-1.728127044E-1,7.735848767E-1,8.417429662E-1
8.807750000E0,1.008600846E-1,-4.028573710E-1,1.017772204E0,1.099239317E0
8.817700000E0,-5.901602067E-1,-5.273942935E-1,1.145312256E0,1.392183169E0
8.827650000E0,-1.033025981E0,-6.536830419E-1,7.931151617E-1,1.457215103E0
8.837600000E0,-9.850114238E-1,-6.363343531E-1,5.210459715E-1,1.283221656E0
8.847550000E0,-6.955496907E-1,-7.258458692E-1,5.305705011E-1,1.136726288E0
8.857500000E0,-3.474061784E-1,-7.721710199E-1,7.944091505E-1,1.161044803E0
8.867451000E0,1.680989715E-1,-4.467208439E-1,9.682609051E-1,1.079511907E0
8.877401000E0,6.441430172E-1,-4.608950794E-1,1.065412393E0,1.327572246E0
8.887351000E0,1.274119400E0,-8.110205054E-2,1.020619798E0,1.634509884E0
8.897301000E0,1.834196998E0,5.848443568E-2,2.321654516E-1,1.849756701E0
8.907251000E0,2.081577490E0,8.913437068E-2,-1.592126656E-1,2.089559392E0
8.917201000E0,1.688163372E0,-4.119363427E-2,-1.290538967E-1,1.693590090E0
8.927151000E0,6.322018334E-1,-9.460268676E-2,-4.464577192E-1,7.797136151E-1
8.937101000E0,-3.011330679E-1,-3.514024580E-1,-8.229716295E-1,9.441647711E-1
8.947051000E0,-8.340649670E-1,-5.766904145E-1,-6.139710921E-1,1.185409931E0
8.957001000E0,-1.137062420E0,-7.697333157E-1,-9.180187047E-2,1.376164201E0
8.966951000E0,-8.647070083E-1,-9.020797795E-1,7.680522412E-1,1.466755052E0
8.976902000E0,-6.608990908E-2,-7.002762875E-1,9.012038666E-1,1.143207402E0
8.986852000E0,5.513067743E-1,-2.778608572E-1,6.311478728E-1,8.828892641E-1
8.996802000E0,1.128714350E0,-3.238617799E-1,2.225093597E-1,1.195153945E0
9.006752000E0,1.413530470E0,-1.672239357E-1,4.851376355E-2,1.424214106E0
9.016702000E0,1.285627306E0,-1.074633452E-1,1.937778962E-1,1.304582620E0
9.026652000E0,7.586323768E-1,-3.216521171E-1,7.903663856E-1,1.141780273E0
9.036602000E0,2.129357135E-1,-6.659876302E-1,1.517721421E0,1.671035444E0
9.046552000E0,-7.465315640E-2,-1.020149682E0,2.161253112E0,2.391086255E0
9.056502000E0,4.463787818E-1,-9.351460764E-1,2.310596847E0,2.532313170E0
9.066452000E0,9.931606883E-1,-5.255380949E-1,1.388663431E0,1.786321519E0
9.076402000E0,1.580399480E0,-1.998689407E-1,5.433022285E-1,1.683088655E0
9.086352000E0,1.840775993E0,7.847811252E-2,-1.340766549E-1,1.847320118E0
9.096302000E0,1.844235206E0,1.060509503E-2,-2.700717813E-1,1.863935280E0
9.106253000E0,1.706612214E0,-2.760088979E-1,-3.965493947E-1,1.773684748E0
9.116203000E0,1.273303129E0,-2.420665419E-1,-2.642035156E-1,1.322762476E0
9.126153000E0,8.207514417E-1,-5.321090497E-1,5.670308143E-1,1.130617935E0
9.136103000E0,5.615560663E-1,-7.698018743E-1,1.453336560E0,1.737851345E0
9.146053000E0,1.010489497E0,-8.735216859E-1,2.084932914E0,2.476100647E0
9.156003000E0,1.699038901E0,-6.408603904E-1,1.854156176E0,2.595251501E0
9.165953000E0,2.338561741E0,-3.882271989E-1,7.996400696E-1,2.501802473E0
9.175903000E0,2.805622709E0,-2.669328497E-1,3.733447194E-3,2.818294851E0
9.185853000E0,2.945386366E0,-3.249253153E-1,-4.554998535E-1,2.998058942E0
9.195803000E0,2.662610339E0,-4.911172906E-1,-3.276183236E-1,2.727274056E0
9.205753000E0,2.184879372E0,-6.777099089E-1,3.858285248E-1,2.319881945E0
9.215704000E0,2.041814377E0,-7.760525478E-1,1.338161615E0,2.561628391E0
9.225654000E0,2.352592719E0,-7.869492728E-1,1.823135528E0,3.078604361E0
9.235604000E0,2.665399461E0,-9.386289704E-1,1.693913231E0,3.294650310E0
9.245554000E0,2.866222667E0,-1.129309670E0,1.415625820E0,3.390364165E0
9.255504000E0,2.833877040E0,-1.129505917E0,7.939586225E-1,3.152302807E0
9.265454000E0,2.615911551E0,-9.491497924E-1,-5.232000858E-1,2.831539670E0
9.275407625E0,2.171041936E0,-6.667774428E-1,-2.170535859E0,3.141534842E0
9.285357625E0,1.614563007E0,-5.072486622E-1,-2.902737359E0,3.360059387E0
9.295307625E0,1.184388614E0,-9.653416827E-2,-2.552476570E0,2.815534030E0
9.305257625E0,1.141980513E0,-4.266519573E-1,-1.740363220E0,2.124856589E0
9.315207625E0,9.324525565E-1,-2.200435158E-1,-8.979127613E-1,1.313062925E0
9.325157625E0,1.042533993E0,-3.953417620E-1,-7.130398822E-1,1.323479546E0
9.335108625E0,1.245369226E0,-6.978374138E-1,-6.774654222E-1,1.580152196E0
9.345058625E0,1.519301339E0,-7.069217212E-1,-6.682301836E-1,1.804036157E0
9.355008625E0,1.820254605E0,-9.646310268E-1,-1.141880525E0,2.355362176E0
9.364958625E0,1.880410759E0,-1.058389449E0,-1.585636392E0,2.677755705E0
9.374908625E0,1.704931725E0,-8.117888296E-1,-1.902358868E0,2.680440739E0
9.384858625E0,1.300140679E0,-8.324287699E-1,-2.134414977E0,2.634204004E0
9.394808625E0,8.149995357E-1,-7.504750724E-1,-2.247569125E0,2.505794095E0
9.404758625E0,4.923741496E-1,-9.652906658E-1,-1.712375815E0,2.026437589E0
9.414708625E0,2.985640937E-1,-1.338948211E0,-1.645797079E0,2.142561750E0
9.424658625E0,6.051751256E-2,-1.372943338E0,-1.652969858E0,2.149638372E0
9.434608625E0,-4.103283584E-2,-1.370234908E0,-1.711543171E0,2.192853717E0
9.444558625E0,-4.081356525E-2,-1.447040278E0,-1.730071244E0,2.255823092E0
9.454509625E0,-4.130935067E-1,-1.332351529E0,-1.965162642E0,2.409911005E0
9.464459625E0,-8.245152944E-1,-1.340829553E0,-2.117275034E0,2.638276507E0
9.474409625E0,-1.256131026E0,-1.158596107E0,-2.251367476E0,2.826458138E0
9.484359625E0,-1.420659980E0,-1.079184486E0,-2.392384776E0,2.984362386E0
9.494309625E0,-1.249105012E0,-1.037907237E0,-2.563873671E0,3.034956830E0
9.504259625E0,-8.592044860E-1,-8.792097111E-1,-2.671232058E0,2.940531036E0
9.514209625E0,-5.251431155E-1,-1.001482592E0,-3.062403769E0,3.264515204E0
9.524159625E0,-3.486560208E-1,-1.301410110E0,-3.472478358E0,3.724692637E0
9.534109625E0,-3.854168808E-1,-1.066675538E0,-3.542744349E0,3.719862954E0
9.544059625E0,-4.654781270E-1,-1.273627357E0,-3.328302392E0,3.593938417E0
9.554009625E0,-6.866794646E-1,-1.335449237E0,-3.332048119E0,3.654791105E0
9.563959625E0,-9.192957366E-1,-1.291794218E0,-3.167752469E0,3.542385165E0
9.573910625E0,-1.132912651E0,-1.440412167E0,-3.367599190E0,3.833927828E0
9.583860625E0,-1.297202454E0,-1.584577462E0,-3.327949221E0,3.907539629E0
9.593810625E0,-1.245005529E0,-1.687965005E0,-3.139927323E0,3.776030750E0
9.603760625E0,-1.054259999E0,-1.788547639E0,-2.992889730E0,3.642493067E0
9.613710625E0,-9.136923498E-1,-1.839322521E0,-3.022442143E0,3.654189042E0
9.623660625E0,-8.041260535E-1,-1.945116340E0,-3.194038042E0,3.825176506E0
9.633610625E0,-8.046528876E-1,-1.972774255E0,-3.290359225E0,3.919919433E0
9.643560625E0,-8.732945216E-1,-1.854172110E0,-3.368373946E0,3.942910166E0
9.653510625E0,-8.989117581E-1,-1.903980155E0,-3.308000860E0,3.921230989E0
9.663460625E0,-8.239112771E-1,-1.984398227E0,-3.256847078E0,3.901758451E0
9.673410625E0,-5.642270744E-1,-1.927764435E0,-3.207861444E0,3.784838564E0
9.683360625E0,-2.525447524E-1,-1.802579934E0,-3.168398586E0,3.654014623E0
9.693311625E0,9.006875575E-2,-1.671631685E0,-3.374116496E0,3.766580280E0
9.703261625E0,4.023083174E-1,-1.629397101E0,-3.769800503E0,4.126521868E0
9.713211625E0,7.811447418E-1,-1.706973426E0,-4.037655605E0,4.452707959E0
9.723161625E0,1.080720989E0,-1.532909710E0,-4.050879668E0,4.464011214E0
9.733111625E0,1.357332296E0,-1.523171611E0,-3.928048378E0,4.426281371E0
9.743061625E0,1.665934305E0,-1.561349982E0,-3.810863160E0,4.442502549E0
9.753011625E0,1.890895402E0,-1.535708187E0,-3.819325250E0,4.530025433E0
9.762961625E0,2.214673274E0,-1.569010273E0,-3.781470376E0,4.654684646E0
9.772911625E0,2.486819063E0,-1.686359360E0,-4.107705541E0,5.089334117E0
9.782861625E0,2.648113922E0,-1.616523140E0,-4.340093479E0,5.334985081E0
9.792811625E0,2.954673498E0,-1.465295724E0,-4.395850773E0,5.495515541E0
9.802761625E0,3.151917039E0,-1.468179132E0,-4.363563326E0,5.579499609E0
9.812712625E0,2.893663065E0,-1.614623818E0,-4.113362430E0,5.282049459E0
9.822662625E0,2.405818754E0,-1.729090227E0,-3.338158167E0,4.463296633E0
9.832612625E0,2.202225721E0,-1.869224305E0,-2.135739956E0,3.592378431E0
9.842562625E0,2.302065175E0,-2.167810472E0,-1.551537039E0,3.522239840E0
9.852512625E0,2.454625463E0,-2.425142486E0,-1.219870103E0,3.659861378E0
9.862462625E0,2.859725241E0,-2.921865941E0,-1.169958270E0,4.252544107E0
9.872412625E0,2.802137184E0,-2.829177925E0,-8.475053769E-1,4.071177457E0
9.882362625E0,2.765698505E0,-2.639600668E0,-4.008506066E-1,3.844120331E0
9.892312625E0,3.235739214E0,-2.704714969E0,-2.158254075E-1,4.222803800E0
9.902262625E0,3.811820349E0,-2.797271715E0,-1.947339159E-1,4.732084606E0
9.912212625E0,4.134711784E0,-2.956339955E0,3.327919400E-1,5.093774429E0
9.922163625E0,4.478314348E0,-3.120897560E0,8.179190505E-1,5.519446762E0
9.932113625E0,5.239236202E0,-3.041011730E0,1.087916572E0,6.154747013E0
9.942063625E0,6.185408081E0,-2.560236118E0,1.372598206E0,6.833601389E0
9.952013625E0,6.775934762E0,-2.246194590E0,1.332272884E0,7.261792690E0
9.961963625E0,6.904365345E0,-2.223564258E0,1.050875630E0,7.329313639E0
9.971913625E0,6.178628819E0,-2.365930218E0,1.175599664E0,6.719755535E0
9.981863625E0,4.910092340E0,-2.497924095E0,1.486929399E0,5.706101174E0
9.991813625E0,4.038187994E0,-2.672706726E0,1.312019298E0,5.017142430E0
1.000176362E1,3.650926609E0,-2.740774164E0,1.475709761E0,4.797794016E0
1.001171362E1,3.347514589E0,-2.522371011E0,2.033270425E0,4.658583268E0
1.002166362E1,3.007622667E0,-2.459903744E0,2.468388639E0,4.603244835E0
1.003161363E1,2.755309757E0,-2.300740780E0,2.952588966E0,4.647894319E0
1.004156462E1,2.225773921E0,-1.989021913E0,3.385140837E0,4.513253394E0
1.005151462E1,1.796301778E0,-1.773867181E0,3.671181949E0,4.455432836E0
1.006146463E1,1.578716359E0,-1.678772451E0,3.420976083E0,4.124766617E0
1.007141463E1,1.307108806E0,-1.309802326E0,3.283204572E0,3.768759455E0
1.008136462E1,8.550851226E-1,-9.331732258E-1,2.953138019E0,3.212943666E0
1.009131462E1,5.411106920E-1,-9.345628166E-1,1.894927642E0,2.181045439E0
1.010126463E1,4.864883423E-1,-8.950800776E-1,1.048199360E0,1.461698037E0
1.011121463E1,5.673708299E-1,-8.529453340E-1,7.996728140E-1,1.299577628E0
1.012116462E1,7.761167210E-1,-7.980697998E-1,7.919363630E-1,1.366175601E0
1.013111462E1,1.031359671E0,-6.980449900E-1,8.763988084E-1,1.522840914E0
1.014106463E1,1.340499039E0,-6.626003382E-1,1.025357797E0,1.813101071E0
1.015101463E1,1.466218269E0,-4.766410464E-1,1.118053706E0,1.904475463E0
1.016096562E1,1.352098745E0,-2.612696752E-1,1.088527021E0,1.755370028E0
1.017091562E1,1.042351852E0,-7.443856359E-2,8.263296854E-1,1.332238429E0
1.018086563E1,5.433171389E-1,6.790166885E-2,-1.327890980E-1,5.634155612E-1
1.019081562E1,2.783540699E-1,1.179500341E-2,-1.123574063E0,1.157600442E0
1.020076562E1,2.648765302E-1,-1.113298166E-1,-1.410843090E0,1.439802809E0
1.021071562E1,2.167074600E-1,-4.094483525E-1,-9.234191930E-1,1.033108456E0
1.022066563E1,6.849399179E-2,-5.865944284E-1,1.322102237E-1,6.051974831E-1
1.023061562E1,4.237477183E-3,-5.973421955E-1,1.225816137E0,1.363620495E0
1.024056562E1,1.053712115E-1,-5.741316730E-1,2.005386223E0,2.088612979E0
1.025051562E1,4.153587180E-1,-4.023369688E-1,2.312022398E0,2.383242638E0
1.026046563E1,7.447826618E-1,-1.832400441E-1,2.177659230E0,2.308782763E0
1.027041563E1,6.807878101E-1,-3.329404593E-3,1.493806309E0,1.641627368E0
1.028036304E1,3.411809403E-1,1.293795866E-1,4.238974071E-1,5.593143330E-1
1.029031304E1,-2.741408587E-2,1.473293692E-1,-3.064765459E-1,3.411529691E-1
1.030026304E1,-3.239424714E-1,7.534663618E-2,-6.342983526E-1,7.162054457E-1
1.031021304E1,-4.310269171E-1,7.976303816E-2,-3.000580573E-1,5.312072884E-1
1.032016304E1,-3.587448066E-1,1.090271831E-2,3.061087561E-1,4.717194888E-1
1.033011304E1,-1.886919880E-1,-1.215986967E-1,7.898103154E-1,8.210914953E-1
1.034006304E1,4.757265419E-2,-9.242342949E-2,1.158442179E0,1.163096526E0
1.035001304E1,2.773872328E-1,6.618814230E-2,1.081015688E0,1.117997972E0
1.035996304E1,4.737460899E-1,7.757150173E-2,7.749712515E-1,9.116101888E-1
1.036991304E1,4.560015446E-1,1.478503561E-1,5.650082624E-1,7.409665803E-1
1.037986304E1,1.927917632E-1,2.348417222E-1,1.471779263E-1,3.376101901E-1
1.038981404E1,-1.029329225E-1,2.155576050E-1,-1.225763512E-1,2.684869261E-1
1.039976404E1,-2.998960894E-1,8.870343089E-2,-4.164468849E-1,5.208012779E-1
1.040971404E1,-3.592280790E-1,9.801687598E-3,-4.302088916E-1,5.605538121E-1
1.041966404E1,-2.693318161E-1,-1.211005139E-1,-2.903721446E-1,4.141508711E-1
1.042961404E1,-6.452753305E-2,-1.009936935E-1,-2.289009511E-1,2.583779675E-1
1.043956404E1,1.013994902E-1,-1.134587878E-1,-1.518065822E-1,2.149418330E-1
1.044951404E1,1.507599306E-1,-1.105264091E-1,-2.788303256E-2,1.890029293E-1
1.045946404E1,9.532306373E-2,-1.294339657E-1,1.397882152E-1,2.130267191E-1
1.046941404E1,2.802453518E-2,-1.722928870E-1,2.794635791E-1,3.294997807E-1
1.047936404E1,8.675806224E-3,-1.339602953E-1,3.032167232E-1,3.316036966E-1
1.048931404E1,1.155596924E-1,-1.314354676E-1,8.162420690E-2,1.931109417E-1
1.049926404E1,1.994570044E-1,-1.035600364E-1,-2.853499711E-1,3.632249767E-1
1.050921504E1,2.593561739E-1,-4.103108168E-2,-4.991732919E-1,5.640240686E-1
1.051916504E1,2.969300893E-1,2.273397446E-2,-3.975673950E-1,4.967334749E-1
1.052911504E1,2.768908042E-1,6.553559303E-3,-4.276337779E-1,5.094920162E-1
1.053906504E1,1.979683033E-1,-4.482241631E-2,-2.424167901E-1,3.161746325E-1
1.054901504E1,1.370485023E-1,-1.022642934E-1,-5.020302415E-2,1.782150985E-1
1.055896504E1,1.399060366E-1,-1.448840636E-1,1.211753583E-1,2.350501189E-1
1.056891504E1,2.026264876E-1,-1.315237606E-1,2.963310421E-1,3.823193424E-1
1.057886504E1,2.701273298E-1,-8.560908437E-2,3.308050561E-1,4.355796997E-1
1.058881504E1,2.456178483E-1,-1.237329304E-2,5.991291046E-2,2.531220706E-1
1.059876504E1,2.038728216E-1,-5.899840593E-2,-1.137230819E-1,2.407859603E-1
1.060871504E1,5.915481895E-2,3.350688457E-2,-1.347315431E-1,1.509125330E-1
1.061866604E1,-1.350297511E-1,3.988093436E-2,-2.570915473E-1,2.931204296E-1
1.062861604E1,-2.958802217E-1,2.811048925E-2,-2.316596675E-1,3.768308729E-1
1.063856604E1,-3.124828058E-1,9.734795451E-2,-8.845258534E-2,3.390368535E-1
1.064851604E1,-2.231665868E-1,9.233396709E-2,-9.759704590E-2,2.604881385E-1
1.065846604E1,-2.355217534E-1,1.262776387E-1,-2.817469168E-1,3.883270059E-1
1.066841604E1,-3.469708532E-1,1.229657757E-1,-4.711066568E-1,5.978719236E-1
1.067836604E1,-4.716267666E-1,1.190376163E-2,-5.748356777E-1,7.436461275E-1
1.068831604E1,-5.183027503E-1,-6.465909541E-2,-4.554717869E-1,6.930173794E-1
1.069826604E1,-4.797769082E-1,2.075936973E-2,-8.894024312E-2,4.883924650E-1
1.070821604E1,-3.565886459E-1,-2.884022176E-2,1.232862031E-1,3.784001964E-1
1.071816604E1,-2.440890938E-1,-8.139908910E-2,2.448720360E-1,3.552008044E-1
1.072811704E1,-2.062415287E-1,-4.878448963E-2,3.409733641E-1,4.014702101E-1
1.073806704E1,-1.144317645E-1,-8.040272355E-2,3.320493436E-1,3.602998657E-1
1.074801704E1,8.352981448E-2,-7.246220469E-2,1.185850418E-1,1.621431872E-1
1.075796704E1,3.053760999E-1,3.410505474E-2,1.233762503E-2,3.075222499E-1
1.076791704E1,3.128453332E-1,1.082173437E-1,-2.890863419E-2,3.322934022E-1
1.077786704E1,1.051858547E-1,8.548395395E-2,-3.502248287E-2,1.399933739E-1
1.078781704E1,-1.561738676E-1,5.089299560E-2,-3.774903953E-2,1.685389092E-1
1.079776704E1,-2.742276898E-1,-2.342394590E-2,-2.515121341E-2,2.763731004E-1
1.080771704E1,-2.975034088E-1,-5.649989069E-2,2.223625946E-1,3.756935445E-1
1.081766704E1,-2.525219482E-1,-8.340702295E-2,4.443082827E-1,5.178164886E-1
1.082761704E1,-1.365357015E-1,-1.679402196E-1,4.262304461E-1,4.780358860E-1
1.083756804E1,-1.106383833E-1,2.887296617E-2,4.880869710E-1,5.013016969E-1
1.084751804E1,-1.193913728E-1,2.472670555E-2,3.209448963E-1,3.433239525E-1
1.085746804E1,-5.586663723E-2,1.163186610E-2,9.455181599E-2,1.104374365E-1
1.086741804E1,2.636480302E-2,-1.810239494E-2,1.399648011E-2,3.490989825E-2
1.087736804E1,6.889277190E-2,9.300581217E-3,-4.095506787E-2,8.068477189E-2
1.088731804E1,3.139545500E-2,-5.414521694E-4,-1.730319750E-1,1.758579886E-1
1.089726804E1,-5.415778846E-2,6.046371818E-2,-3.177727818E-1,3.279763225E-1
1.090721804E1,-8.780266732E-2,1.022619545E-2,-5.357897258E-1,5.430327004E-1
1.091716804E1,-7.000666648E-2,-2.693227530E-2,-5.869984710E-1,5.917714811E-1
1.092711804E1,-2.470565557E-2,-1.501290160E-1,-3.740440464E-1,4.038044570E-1
1.093706804E1,-3.087797642E-2,-3.072249895E-1,-7.502328515E-2,3.177564113E-1
1.094701904E1,-4.767936587E-2,-3.739329493E-1,2.750120938E-1,4.666163566E-1
1.095696904E1,-4.644794226E-2,-4.753067118E-1,5.711870152E-1,7.445323955E-1
1.096691904E1,1.196135670E-2,-4.657704878E-1,8.493373096E-1,9.687409803E-1
1.097686904E1,1.311147478E-1,-4.349036211E-1,1.125938092E0,1.214112360E0
1.098681904E1,2.309682342E-1,-3.202683735E-1,1.157843424E0,1.223323159E0
1.099676904E1,2.679045108E-1,-3.356295937E-1,1.003717836E0,1.091727780E0
1.100671904E1,2.452950820E-1,-3.760800469E-1,8.498401701E-1,9.611629382E-1
1.101666904E1,1.827623266E-1,-4.194412440E-1,8.700031239E-1,9.829742930E-1
1.102661904E1,1.564749992E-1,-4.166509527E-1,8.964003789E-1,1.000807714E0
1.103656904E1,2.120285180E-1,-4.001875323E-1,9.090619397E-1,1.015627768E0
1.104651904E1,2.858367518E-1,-3.774494648E-1,1.027236507E0,1.131099283E0
1.105647004E1,4.030623159E-1,-3.353629607E-1,1.191744411E0,1.301991662E0
1.106642004E1,5.035665974E-1,-3.749673218E-1,1.221212039E0,1.373149174E0
1.107637004E1,5.220116392E-1,-3.964119852E-1,1.264538738E0,1.424323289E0
1.108632004E1,3.724120885E-1,-5.056315416E-1,1.032053443E0,1.208092848E0
1.109627004E1,2.511876136E-1,-5.035183579E-1,8.727554083E-1,1.038425711E0
1.110622004E1,2.414438134E-1,-5.693141520E-1,7.951833218E-1,1.007338192E0
1.111617004E1,1.940512535E-1,-7.057256001E-1,8.378498697E-1,1.112518277E0
1.112612004E1,2.074504405E-2,-7.891770619E-1,1.371045771E0,1.582086375E0
1.113607004E1,-2.665564352E-1,-8.738406515E-1,1.874121494E0,2.084941532E0
1.114602004E1,-4.128423688E-1,-8.978130662E-1,2.387685369E0,2.584095305E0
1.115597104E1,-3.314137512E-1,-1.063675478E0,2.782086496E0,2.996872682E0
1.116592104E1,-1.868621019E-1,-1.195533991E0,2.986439667E0,3.222272622E0
1.117587104E1,-1.208508378E-1,-1.324416565E0,2.984522949E0,3.267424276E0
1.118582104E1,-1.820004344E-1,-1.418155325E0,2.974581513E0,3.300367232E0
1.119577104E1,-2.698595273E-1,-1.590202045E0,3.071496774E0,3.469244751E0
1.120572104E1,-1.432257932E-1,-1.697495821E0,3.310219878E0,3.722843178E0
1.121567104E1,4.586251903E-1,-1.600990157E0,3.490400074E0,3.867350414E0
1.122562104E1,9.460087413E-1,-1.580734818E0,3.437534813E0,3.900038550E0
1.123557104E1,1.172832761E0,-1.463855701E0,3.387019547E0,3.871732379E0
1.124552104E1,1.383440114E0,-1.442926177E0,3.028945416E0,3.629111852E0
1.125547204E1,1.474383613E0,-1.691300988E0,2.718212682E0,3.524625690E0
1.126542204E1,1.314068747E0,-1.775914584E0,2.764475268E0,3.538781257E0
1.127537737E1,1.186967821E0,-2.049279955E0,2.916954864E0,3.757268506E0
1.128532737E1,1.816128809E0,-2.320767494E0,3.258142821E0,4.393151518E0
1.129527738E1,2.990902262E0,-1.770150399E0,3.455609141E0,4.901036963E0
1.130522738E1,4.176810567E0,-1.195540058E0,2.965052306E0,5.259904725E0
1.131517737E1,4.852030658E0,-5.972782050E-1,1.982597285E0,5.275380058E0
1.132512737E1,5.095035678E0,-5.015182812E-1,4.478142732E-1,5.139206823E0
1.133507737E1,4.949209628E0,-6.350666036E-1,-1.125257476E0,5.115094322E0
1.134502738E1,4.490016673E0,-6.777699159E-1,-2.386412430E0,5.129774466E0
1.135497837E1,4.121024036E0,-6.337842362E-1,-2.789404871E0,5.016502876E0
1.136492837E1,3.890795183E0,-1.128536010E0,-2.763856632E0,4.904159883E0
1.137487838E1,3.919671657E0,-1.205391228E0,-2.161278840E0,4.635506459E0
1.138482837E1,4.039565306E0,-1.206026235E0,-1.607131488E0,4.511702424E0
1.139477837E1,4.152035329E0,-1.333482965E0,-1.617816982E0,4.651333785E0
1.140472837E1,4.361457451E0,-1.395522946E0,-1.851193392E0,4.939302822E0
1.141467838E1,4.392744148E0,-1.496427177E0,-2.437315950E0,5.241755859E0
1.142462838E1,4.240943413E0,-1.362664372E0,-3.089692140E0,5.421130209E0
1.143457837E1,4.124862733E0,-1.075227456E0,-3.622030839E0,5.593720948E0
1.144452837E1,3.625140973E0,-1.168171873E0,-3.753393216E0,5.347357593E0
1.145447938E1,2.974298508E0,-1.421753556E0,-3.449336833E0,4.771347752E0
1.146442937E1,2.106854126E0,-1.694352357E0,-3.146532923E0,4.148533916E0
1.147437937E1,1.480579323E0,-1.702807724E0,-2.514436047E0,3.378469758E0
1.148432938E1,1.141011044E0,-1.598503921E0,-2.318105257E0,3.038212134E0
1.149427938E1,1.140160859E0,-1.534801430E0,-2.315645918E0,3.002964907E0
1.150422937E1,1.059359940E0,-1.146108208E0,-2.769219698E0,3.178739569E0
1.151417937E1,9.966228247E-1,-1.023622635E0,-3.639677151E0,3.910026869E0
1.152412938E1,5.776628065E-1,-7.347846539E-1,-4.175113705E0,4.278455008E0
1.153407938E1,1.120572102E-1,-5.868593073E-1,-4.151772789E0,4.194541448E0
1.154403037E1,-3.419042408E-1,-6.723540786E-1,-3.606047475E0,3.684092413E0
1.155398037E1,-6.034870344E-1,-1.001333049E0,-2.979982587E0,3.201118663E0
1.156393038E1,-6.825484067E-1,-1.453994518E0,-2.552921836E0,3.016186713E0
1.157388037E1,-6.843364853E-1,-1.654716860E0,-2.554698805E0,3.119758051E0
1.158383037E1,-6.955081755E-1,-1.649960589E0,-2.930123379E0,3.433908062E0
1.159378037E1,-7.912727040E-1,-1.450203037E0,-3.256889763E0,3.651921723E0
1.160373038E1,-9.459648871E-1,-1.288157103E0,-3.499136984E0,3.846837392E0
1.161368037E1,-1.087058201E0,-1.173584129E0,-3.571523759E0,3.913409920E0
1.162363037E1,-1.175309642E0,-1.134154599E0,-3.517733468E0,3.878415677E0
1.163358037E1,-1.106769750E0,-1.161140377E0,-3.414551162E0,3.772578149E0
1.164353137E1,-8.948865348E-1,-1.167416778E0,-3.412196488E0,3.715746051E0
1.165348137E1,-6.497390950E-1,-1.235603937E0,-3.446068239E0,3.718099554E0
1.166343137E1,-4.278863776E-1,-1.326059340E0,-3.618478070E0,3.877486773E0
1.167338138E1,-3.097205812E-1,-1.428426837E0,-3.605584960E0,3.890574889E0
1.168333138E1,-2.513741398E-1,-1.528376217E0,-3.481073765E0,3.810117764E0
1.169328137E1,-2.850979561E-1,-1.508327869E0,-3.262159274E0,3.605276263E0
1.170323137E1,-3.134551978E-1,-1.467914253E0,-3.042197546E0,3.392343191E0
1.171318138E1,-3.433040643E-1,-1.461501027E0,-3.176470082E0,3.513375175E0
1.172313138E1,-3.467568451E-1,-1.425163506E0,-3.226912258E0,3.544614795E0
1.173308237E1,-2.736608022E-1,-1.456616848E0,-3.247645315E0,3.569849152E0
1.174303238E1,-5.855401754E-3,-1.587205931E0,-3.359171013E0,3.715277493E0
1.175298238E1,2.482482183E-1,-1.615389657E0,-3.450681692E0,3.818155977E0
1.176293237E1,3.290000206E-1,-1.708380705E0,-3.652625810E0,4.045797938E0
1.177288237E1,3.574970108E-1,-1.805169812E0,-3.810387197E0,4.231488243E0
1.178283237E1,3.579612797E-1,-1.788865436E0,-3.785580969E0,4.202237392E0
1.179278238E1,3.713356161E-1,-1.713092830E0,-3.648459084E0,4.047694513E0
1.180273237E1,4.961695772E-1,-1.555861347E0,-3.500627439E0,3.862807431E0
1.181268237E1,7.174112606E-1,-1.335497038E0,-3.653827997E0,3.955842551E0
1.182263237E1,9.392727488E-1,-1.239863195E0,-3.926114119E0,4.223016235E0
1.183258337E1,9.044087255E-1,-1.347513359E0,-4.309666908E0,4.605103283E0
1.184253337E1,6.032689333E-1,-1.541410392E0,-4.691367298E0,4.974817236E0
1.185248337E1,3.849467647E-1,-1.488048702E0,-4.607157453E0,4.856786257E0
1.186243338E1,6.266045862E-1,-1.380758581E0,-4.678891094E0,4.918449902E0
1.187238337E1,1.411966340E0,-1.271022569E0,-4.574454560E0,4.953259719E0
1.188233337E1,2.428756211E0,-1.143495088E0,-4.298029194E0,5.067493730E0
1.189228337E1,3.346220600E0,-1.254286522E0,-4.470472940E0,5.723246918E0
1.190223338E1,4.129238790E0,-1.936508800E0,-4.596854659E0,6.475473115E0
1.191218338E1,4.650776512E0,-3.011924171E0,-4.575189555E0,7.185664120E0
1.192213437E1,5.128286455E0,-4.029989613E0,-4.127001060E0,7.718307845E0
1.193208438E1,5.789200748E0,-4.427827442E0,-2.867987942E0,7.832359542E0
1.194203438E1,6.680357344E0,-4.305185309E0,-1.398276254E0,8.069508738E0
1.195198437E1,7.725493932E0,-3.752280491E0,-6.755346715E-1,8.615057311E0
1.196193437E1,8.664012390E0,-2.912580855E0,-6.941118604E-1,9.166789471E0
1.197188438E1,9.459437202E0,-2.135206982E0,-2.271265551E0,9.959854830E0
1.198183438E1,1.027571552E1,-2.178982308E0,-4.218624591E0,1.131967698E1
1.199178437E1,9.639961215E0,-3.141424795E0,-4.931748673E0,1.127473046E1
1.200173437E1,8.038183145E0,-4.280469421E0,-4.497119286E0,1.015671643E1
1.201168538E1,5.963984549E0,-4.672054237E0,-1.256788838E0,7.679630244E0
1.202163537E1,3.911151972E0,-4.980982229E0,2.267966552E0,6.726883824E0
1.203158537E1,2.058006194E0,-4.869598033E0,5.020503559E0,7.290667355E0
1.204153537E1,8.141918890E-1,-4.038333590E0,6.811433208E0,7.960318396E0
1.205148538E1,6.052921065E-1,-3.173894384E0,7.111462029E0,7.811073952E0
1.206143537E1,8.710431243E-1,-2.433556775E0,6.197548655E0,6.714947806E0
1.207138537E1,1.298279365E0,-1.969309487E0,4.444510717E0,5.031638370E0
1.208133537E1,1.811364060E0,-1.547328798E0,3.098518512E0,3.908463014E0
1.209128538E1,2.330532783E0,-1.064673013E0,2.218319598E0,3.389078564E0
1.210123637E1,2.647679474E0,-6.875851983E-1,1.604972988E0,3.171579779E0
1.211118637E1,2.804859355E0,-6.680502355E-1,1.213962661E0,3.128455283E0
1.212113638E1,2.550514245E0,-5.403151783E-1,8.678004777E-1,2.747752004E0
1.213108637E1,1.814797691E0,-4.487825722E-1,5.032224888E-1,1.936008608E0
1.214103637E1,9.476718356E-1,-7.220323151E-1,2.583919680E-1,1.219089407E0
1.215098637E1,3.193018744E-2,-8.292258114E-1,7.591481012E-1,1.124695880E0
1.216093638E1,-7.504394044E-1,-8.571936285E-1,1.470400490E0,1.860112313E0
1.217088638E1,-1.109041466E0,-8.763198709E-1,2.088999653E0,2.522266647E0
1.218083637E1,-9.698455006E-1,-9.882420105E-1,2.375431359E0,2.749526633E0
1.219078738E1,-2.999416246E-1,-9.226035064E-1,2.328123291E0,2.522165789E0
1.220073738E1,5.091501402E-1,-7.106027627E-1,1.876553936E0,2.070179902E0
1.221068737E1,1.033593746E0,-4.374027210E-1,1.304464695E0,1.720832738E0
1.222063737E1,1.317733051E0,-1.597897857E-1,5.693468964E-1,1.444336892E0
1.223058738E1,1.332823838E0,-8.122659624E-2,1.175968623E-1,1.340464906E0
1.224053738E1,1.053289580E0,-1.827921474E-1,-1.376241606E-1,1.077855426E0
1.225048737E1,6.675257403E-1,-3.139756000E-1,3.048972130E-2,7.383094977E-1
1.226043737E1,3.495393889E-1,-5.149847478E-1,4.898399663E-1,7.920418344E-1
1.227038737E1,8.058742248E-2,-5.769593865E-1,9.653244334E-1,1.127487352E0
1.228033254E1,-1.711336034E-1,-5.349331087E-1,1.095708572E0,1.231266590E0
1.229028254E1,-2.836555211E-1,-3.848619801E-1,1.067665325E0,1.169824109E0
1.230023254E1,-2.114821688E-1,-2.856949568E-1,9.503818738E-1,1.014678285E0
1.231018254E1,-4.778425030E-2,-1.876757419E-1,7.903909439E-1,8.137710752E-1
1.232013254E1,1.747739337E-1,1.947064340E-2,7.923637944E-1,8.116436512E-1
1.233008254E1,5.516578265E-1,2.024323601E-1,4.796792597E-1,7.585495436E-1
1.234003254E1,7.211374719E-1,4.442270064E-1,-6.199568868E-2,8.492469323E-1
1.234998254E1,6.342501862E-1,4.736355776E-1,-6.922179472E-1,1.051555821E0
1.235993254E1,3.590740780E-1,4.113343719E-1,-1.207925996E0,1.325600004E0
1.236988354E1,-4.988266982E-2,2.849687326E-1,-1.392331975E0,1.422070247E0
1.237983354E1,-3.471422497E-1,6.376417905E-2,-1.112408220E0,1.167058550E0
1.238978354E1,-4.050654989E-1,-6.271957397E-2,-4.019744414E-1,5.741038712E-1
1.239973354E1,-3.019243424E-1,-7.266422600E-2,2.486458290E-1,3.978230090E-1
1.240968354E1,-3.729763448E-2,-2.450392663E-2,6.484866214E-1,6.500203490E-1
1.241963354E1,3.512064300E-1,-6.751165956E-2,5.729218841E-1,6.753837916E-1
1.242958354E1,5.869945972E-1,-4.622165501E-2,2.995388246E-1,6.606228924E-1
1.243953354E1,6.159296170E-1,7.877865940E-2,2.335260987E-2,6.213861236E-1
1.244948354E1,5.524923704E-1,6.856386602E-2,-2.977940154E-1,6.313716011E-1
1.245943454E1,3.743643276E-1,1.561256281E-1,-5.511351585E-1,6.843053591E-1
1.246938454E1,2.548440237E-1,6.291223973E-2,-7.438225490E-1,7.887809650E-1
1.247933454E1,2.072457880E-1,-7.001748383E-3,-6.337984157E-1,6.668585103E-1
1.248928454E1,1.934675552E-1,-4.241657943E-2,-4.462407875E-1,4.882209557E-1
1.249923454E1,1.679876552E-1,-4.388686180E-2,-1.880558109E-1,2.559509659E-1
1.250918454E1,1.653791392E-1,1.429001033E-2,-5.933403611E-2,1.762810027E-1
1.251913454E1,2.252961427E-1,5.174756616E-2,-1.375031233E-2,2.315712279E-1
1.252908454E1,2.961296055E-1,7.701630861E-2,1.084576643E-1,3.246341325E-1
1.253903454E1,2.361411928E-1,1.145396456E-1,1.101346457E-1,2.846254268E-1
1.254898554E1,1.511761062E-1,1.209514099E-1,-1.005341023E-1,2.181526172E-1
1.255893554E1,8.662569590E-2,1.495194438E-1,-3.326200318E-1,3.748281751E-1
1.256888554E1,-2.312917314E-2,1.408301890E-1,-7.020909709E-1,7.164494624E-1
1.257883554E1,-1.177219927E-1,8.430369347E-2,-9.322502428E-1,9.434278433E-1
1.258878554E1,-1.708601730E-1,5.317837983E-2,-8.668228233E-1,8.851005286E-1
1.259873554E1,-1.705352139E-1,1.461248428E-2,-5.638107526E-1,5.892184219E-1
1.260868554E1,-8.290153116E-2,-2.502842188E-2,-2.214738178E-1,2.378018876E-1
1.261863554E1,6.453045666E-2,-8.403004378E-2,-6.417903900E-2,1.238716156E-1
1.262858654E1,2.466582142E-1,-1.500851619E-1,-1.173887014E-2,2.889699492E-1
1.263853654E1,4.015196011E-1,-1.504427192E-1,2.068394065E-2,4.292770984E-1
1.264848654E1,3.648196983E-1,-6.351450294E-2,-2.055120885E-2,3.708771448E-1
1.265843654E1,2.435257877E-1,-7.147636414E-2,-9.496404469E-2,2.709831170E-1
1.266838654E1,8.900617048E-2,-1.083263943E-1,-1.388123149E-1,1.972956280E-1
1.267833654E1,3.296587095E-2,-2.095411125E-1,-2.233437574E-1,3.080205520E-1
1.268828654E1,7.239466935E-2,-2.381535852E-1,4.862544537E-2,2.536189114E-1
1.269823654E1,1.429315321E-1,-3.273864815E-1,2.679656142E-1,4.465611957E-1
1.270818654E1,1.398310460E-1,-2.882247546E-1,3.662263191E-1,4.865675158E-1
1.271813754E1,2.371074452E-1,-1.796875682E-1,5.470707589E-1,6.227310640E-1
1.272808754E1,3.254976115E-1,-1.799565402E-1,5.122845036E-1,6.330627647E-1
1.273803754E1,3.774632058E-1,-1.186584243E-1,5.380672163E-1,6.678881812E-1
1.274798754E1,4.760169292E-1,-5.495944172E-2,5.610795182E-1,7.378501764E-1
1.275793754E1,4.819922720E-1,-3.268271953E-2,3.751082397E-1,6.116297098E-1
1.276788754E1,2.890070390E-1,2.931033790E-2,-5.556316674E-2,2.957556931E-1
1.277783754E1,1.045947743E-1,4.051272601E-2,-3.656994849E-1,3.825146547E-1
1.278778754E1,-4.226330929E-2,-2.511145234E-2,-5.081633860E-1,5.105357962E-1
1.279773754E1,-1.715330413E-1,-1.532347646E-1,-3.157508147E-1,3.906444090E-1
1.280768854E1,-2.621374751E-1,-1.627616331E-1,1.295930099E-1,3.346666301E-1
1.281763854E1,-2.913609818E-1,-2.648902711E-1,5.077575892E-1,6.425541587E-1
1.282758854E1,-2.686948351E-1,-4.311418149E-1,8.488017046E-1,9.892140884E-1
1.283753854E1,-2.116453792E-1,-4.378558803E-1,1.126067315E0,1.226596567E0
1.284748854E1,-1.323951419E-1,-5.040448996E-1,1.175162877E0,1.285533944E0
1.285743854E1,-1.850789934E-3,-5.075061589E-1,1.130294852E0,1.239004592E0
1.286738854E1,1.858556499E-1,-5.377391875E-1,1.028706497E0,1.175560638E0
1.287733854E1,3.198381646E-1,-6.424180886E-1,9.384915608E-1,1.181424505E0
1.288728954E1,3.924341244E-1,-6.777700621E-1,1.166500812E0,1.405027026E0
1.289723954E1,4.661287759E-1,-7.991395479E-1,1.508982757E0,1.770008196E0
1.290718954E1,4.985115333E-1,-8.457845414E-1,1.838842319E0,2.084515846E0
1.291713954E1,4.580989408E-1,-1.023486103E0,2.100571293E0,2.381129605E0
1.292708954E1,4.286946090E-1,-1.067937221E0,2.485265458E0,2.738761284E0
1.293703954E1,4.336780447E-1,-1.143497573E0,2.627990729E0,2.898620123E0
1.294698954E1,4.956722715E-1,-1.171158119E0,2.621429569E0,2.913622371E0
1.295693954E1,4.948750037E-1,-1.151060362E0,2.594515420E0,2.881206603E0
1.296688954E1,5.214922602E-1,-1.239116506E0,2.595199544E0,2.922742644E0
1.297684054E1,5.001190791E-1,-1.277035407E0,2.812381505E0,3.128966004E0
1.298679054E1,3.367668772E-1,-1.400379790E0,3.167855380E0,3.479911377E0
1.299674054E1,-1.230999693E-1,-1.404823381E0,3.587545715E0,3.854758954E0
1.300669054E1,-3.199502850E-1,-1.483096549E0,3.757870429E0,4.052595924E0
1.301664054E1,1.599903452E-1,-1.511211131E0,3.403809827E0,3.727636964E0
1.302659054E1,8.748469573E-1,-1.271243740E0,2.700217291E0,3.110078980E0
1.303654054E1,1.521539361E0,-1.042194562E0,2.055496861E0,2.761579055E0
1.304649054E1,1.942427206E0,-1.001972735E0,1.744422065E0,2.796422921E0
1.305644054E1,1.979155906E0,-8.907566464E-1,1.791920167E0,2.814512993E0
1.306639154E1,1.773610196E0,-1.011441423E0,1.993243310E0,2.853370949E0
1.307634154E1,1.695397840E0,-1.212907823E0,2.222550643E0,3.047170915E0
1.308629154E1,2.259850032E0,-1.292124001E0,1.897838970E0,3.221536800E0
1.309624154E1,3.088582338E0,-9.335190886E-1,6.147891176E-1,3.284625459E0
1.310619154E1,3.773565525E0,-4.325102095E-1,-5.281035608E-1,3.834808369E0
1.311614154E1,4.169800925E0,-3.554504123E-1,-1.015040969E0,4.306262058E0
1.312609154E1,4.006430304E0,-3.126531791E-1,-1.144462071E0,4.178400319E0
1.313604154E1,3.489096730E0,-2.865024755E-1,-1.008274571E0,3.643143872E0
1.314599254E1,2.891870309E0,-5.891597116E-1,-7.749923015E-1,3.051333498E0
1.315594254E1,2.492711887E0,-8.870987745E-1,-8.826021194E-2,2.647328210E0
1.316589254E1,2.503840892E0,-1.297803547E0,6.878015453E-1,2.902857941E0
1.317584254E1,3.160907133E0,-1.601016762E0,1.203940533E0,3.742200073E0
1.318579254E1,4.149640895E0,-1.766222824E0,1.220575277E0,4.672137265E0
1.319574254E1,4.984978800E0,-2.019535023E0,8.400285423E-1,5.443728805E0
1.320569254E1,5.455486702E0,-2.303333582E0,7.231251597E-1,5.965785007E0
1.321564254E1,5.507760226E0,-2.765551155E0,6.315431446E-1,6.195364609E0
1.322559354E1,5.179871176E0,-2.888725677E0,2.299467257E-1,5.935375045E0
1.323554354E1,4.537809475E0,-2.533786530E0,-1.315722340E0,5.361241861E0
1.324549354E1,3.881747786E0,-1.852050009E0,-4.048420037E0,5.906586146E0
1.325544354E1,3.135410349E0,-1.417142441E0,-5.627911152E0,6.596398615E0
1.326539354E1,2.601105816E0,-1.014561059E0,-5.616718411E0,6.272368877E0
1.327534367E1,2.126285008E0,-8.691233372E-1,-4.740446488E0,5.267665158E0
1.328529367E1,1.672288474E0,-1.024170666E0,-3.843467234E0,4.314824988E0
1.329524367E1,1.313292237E0,-1.061204664E0,-3.333606402E0,3.736819969E0
1.330519467E1,1.203306111E0,-1.368706153E0,-3.175076691E0,3.660930773E0
1.331514467E1,9.589989156E-1,-1.519848492E0,-3.396495545E0,3.842629353E0
1.332509467E1,7.489833015E-1,-1.351109250E0,-3.256282822E0,3.604143450E0
1.333504467E1,6.044319445E-1,-1.193807162E0,-3.141570976E0,3.414671538E0
1.334499467E1,5.504755926E-1,-1.202671176E0,-3.102557184E0,3.372729223E0
1.335494467E1,5.036943591E-1,-1.340043541E0,-3.041712227E0,3.361761141E0
1.336489467E1,3.936655480E-1,-1.273604261E0,-3.435505829E0,3.685069969E0
1.337484467E1,3.033786911E-1,-1.612169157E0,-3.759800595E0,4.102100503E0
1.338479467E1,-4.291739345E-2,-1.371190635E0,-3.893897715E0,4.128491865E0
1.339474567E1,-3.169582647E-1,-1.447977733E0,-3.875661419E0,4.149440142E0
1.340469567E1,-7.457100302E-1,-1.500062391E0,-3.381371722E0,3.773585211E0
1.341464567E1,-1.216220856E0,-1.462698099E0,-2.879840248E0,3.451399535E0
1.342459567E1,-1.644801298E0,-1.480503455E0,-2.448585289E0,3.300429019E0
1.343454567E1,-1.816266804E0,-1.594837279E0,-2.143797419E0,3.230820085E0
1.344449567E1,-1.760922908E0,-1.566023077E0,-2.165906326E0,3.200691797E0
1.345444567E1,-1.546360499E0,-1.393938789E0,-2.626040683E0,3.351176780E0
1.346439567E1,-1.355886279E0,-1.307736066E0,-3.243593779E0,3.750933461E0
1.347434667E1,-1.294058990E0,-1.312212402E0,-3.696332577E0,4.130298365E0
1.348429667E1,-1.387471769E0,-1.361953058E0,-4.045476256E0,4.488415331E0
1.349424667E1,-1.574947536E0,-1.603127315E0,-4.281266397E0,4.835257893E0
1.350419667E1,-1.797182077E0,-1.804802314E0,-4.134558002E0,4.856103858E0
1.351414667E1,-1.808118124E0,-2.003925881E0,-3.910350026E0,4.751404783E0
1.352409667E1,-1.520641521E0,-2.195352904E0,-3.733173544E0,4.590044632E0
1.353404667E1,-1.176984869E0,-2.125254144E0,-3.711039494E0,4.435517184E0
1.354399667E1,-8.793522370E-1,-1.884532023E0,-4.003865715E0,4.511724944E0
1.355394767E1,-6.508857340E-1,-1.709547663E0,-4.572232618E0,4.924582882E0
1.356389767E1,-5.646977752E-1,-1.555409503E0,-4.991952775E0,5.259065963E0
1.357384767E1,-6.176788116E-1,-1.456056392E0,-5.092439514E0,5.332407293E0
1.358379767E1,-6.914589787E-1,-1.499681299E0,-4.952871155E0,5.220928288E0
1.359374767E1,-5.143661124E-1,-1.401554788E0,-4.497809258E0,4.739115575E0
1.360369767E1,1.243995130E-2,-1.595912143E0,-4.243616760E0,4.533803428E0
1.361364767E1,4.032105428E-1,-1.617675772E0,-4.063579820E0,4.392281253E0
1.362359767E1,5.240473473E-1,-1.562918352E0,-4.076302192E0,4.396996584E0
1.363354867E1,6.601670194E-1,-1.444072816E0,-3.869378586E0,4.182494164E0
1.364349867E1,1.183006917E0,-1.222383090E0,-3.419834121E0,3.819553796E0
1.365344867E1,1.740983902E0,-7.125827761E-1,-2.941804946E0,3.491849868E0
1.366339867E1,2.086460207E0,-4.198929049E-1,-2.940841617E0,3.630175707E0
1.367334867E1,2.237494957E0,-4.663317474E-1,-3.290614456E0,4.006493789E0
1.368329867E1,2.915840970E0,-1.113199421E0,-3.906813338E0,5.000453176E0
1.369324867E1,3.288785155E0,-2.032608667E0,-4.950161555E0,6.281059242E0
1.370319867E1,3.679952188E0,-2.693830085E0,-4.397430106E0,6.335310582E0
1.371314967E1,3.779896306E0,-3.292409844E0,-3.299965031E0,6.001445482E0
1.372309967E1,3.586214304E0,-3.224797612E0,-1.517663534E0,5.056041463E0
1.373304967E1,3.726397791E0,-3.350738451E0,-9.140952229E-2,5.012169627E0
1.374299967E1,3.713536840E0,-2.047602535E0,8.856760007E-1,4.332141963E0
1.375294967E1,4.022303740E0,-1.612844218E0,-1.229669452E-2,4.333629548E0
1.376289967E1,4.365918877E0,-1.110830933E0,-1.244548861E0,4.673766668E0
1.377284967E1,4.801636722E0,-8.821514453E-1,-2.168659780E0,5.342002586E0
1.378279967E1,5.669121158E0,-1.197467885E0,-2.632073840E0,6.364014200E0
1.379275067E1,6.334694513E0,-1.927542972E0,-2.458444864E0,7.063124495E0
1.380270067E1,6.004318058E0,-2.689035953E0,-1.600985187E0,6.770960291E0
1.381265067E1,5.957133951E0,-3.105403608E0,-7.770148534E-1,6.762745638E0
1.382260067E1,6.129128045E0,-3.382866855E0,-2.961205423E-2,7.000776787E0
1.383255067E1,6.411872497E0,-3.049090828E0,6.252778530E-1,7.127414411E0
1.384250067E1,6.993100936E0,-2.837864256E0,1.291555213E0,7.656699622E0
1.385245067E1,7.158635026E0,-2.468207960E0,1.606811353E0,7.740797678E0
1.386240067E1,6.775564633E0,-2.390819769E0,1.235013807E0,7.290374090E0
1.387235167E1,5.855336850E0,-2.475540661E0,1.103359069E0,6.452183540E0
1.388230167E1,4.632435551E0,-2.316443186E0,1.535105193E0,5.402028889E0
1.389225167E1,3.421037478E0,-2.459539171E0,2.017527966E0,4.671536092E0
1.390220167E1,2.356243574E0,-2.345757616E0,2.541770611E0,4.185099809E0
1.391215167E1,1.437645995E0,-2.336305885E0,2.712533866E0,3.857847997E0
1.392210167E1,9.059645234E-1,-2.055917861E0,3.048402611E0,3.786862613E0
1.393205167E1,6.938988025E-1,-1.904503627E0,3.101150928E0,3.704830184E0
1.394200167E1,7.537658854E-1,-1.878687000E0,3.174804211E0,3.765236995E0
1.395195267E1,9.988607003E-1,-1.376305341E0,3.330529597E0,3.739567687E0
1.396190267E1,1.305619521E0,-1.081620290E0,3.192113723E0,3.614434230E0
1.397185267E1,1.804506299E0,-9.355527502E-1,2.948816927E0,3.581483380E0
1.398180267E1,1.982524779E0,-7.732650340E-1,2.480918053E0,3.268531428E0
1.399175267E1,1.744516351E0,-7.292612278E-1,2.192077879E0,2.894885950E0
1.400170267E1,1.252568902E0,-6.506243634E-1,2.220856705E0,2.631434100E0
1.401165267E1,5.876007342E-1,-6.836587930E-1,1.971750115E0,2.168055000E0
1.402160267E1,1.584376171E-3,-6.227758294E-1,1.672337590E0,1.784535026E0
1.403155267E1,-3.426888641E-1,-5.728897244E-1,1.175470440E0,1.351802149E0
1.404150367E1,-2.801028442E-1,-5.227352321E-1,8.852848220E-1,1.065569774E0
1.405145367E1,5.105399502E-2,-5.044784707E-1,8.145159709E-1,9.594484378E-1
1.406140367E1,4.293823146E-1,-4.463413596E-1,9.193197101E-1,1.108484782E0
1.407135367E1,4.757248608E-1,-3.768840390E-1,1.159268975E0,1.308533637E0
1.408130367E1,2.972943160E-1,-4.162761462E-1,1.224723877E0,1.327259701E0
1.409125367E1,6.237673984E-2,-3.478912050E-1,1.471990932E0,1.513828409E0
1.410120367E1,-1.738211619E-2,-3.470895517E-1,1.463185610E0,1.503890097E0
1.411115367E1,1.502593724E-2,-3.747316790E-1,1.320608273E0,1.372827673E0
1.412110467E1,1.183528068E-1,-3.668654197E-1,9.003384787E-1,9.793911370E-1
1.413105467E1,2.071804819E-1,-1.893053609E-1,3.960424411E-1,4.853966285E-1
1.414100467E1,2.896529371E-1,2.338769317E-2,-2.292833591E-1,3.701576244E-1
1.415095467E1,3.723317624E-1,1.713526547E-2,-7.602678430E-1,8.467182245E-1
1.416090467E1,4.367537167E-1,3.816419184E-2,-6.821601516E-1,8.108962862E-1
1.417085467E1,4.799068991E-1,-1.939872265E-2,-2.871579301E-1,5.595950492E-1
1.418080467E1,4.661920720E-1,-6.073093593E-2,2.092619079E-1,5.146006614E-1
1.419075467E1,4.542509613E-1,-5.051994324E-3,6.288581032E-1,7.757783011E-1
1.420070567E1,4.186716042E-1,-2.059272408E-2,6.942469311E-1,8.109801316E-1
1.421065567E1,2.763954354E-1,-5.611689806E-2,5.482536507E-1,6.165432738E-1
1.422060567E1,9.080082715E-2,-1.804801583E-2,3.829698211E-1,3.940005139E-1
1.423055567E1,1.040011358E-2,1.458710736E-1,1.126360846E-1,1.845898698E-1
1.424050567E1,1.250982918E-1,3.338257277E-1,-4.885354525E-1,6.047777174E-1
1.425045567E1,2.868309246E-1,4.353310525E-1,-9.580177528E-1,1.090680118E0
1.426040567E1,3.591893412E-1,4.291803664E-1,-1.054131945E0,1.193485202E0
1.427035567E1,3.183895169E-1,4.384113657E-1,-8.048283041E-1,9.702190521E-1
1.428030638E1,1.951060181E-1,3.647925818E-1,-5.081663096E-1,6.552655830E-1
1.429025638E1,1.977879167E-2,1.860420299E-1,-4.220467633E-1,4.616560493E-1
1.430020637E1,-2.049372341E-1,8.680308580E-2,-4.470827866E-1,4.994167235E-1
1.431015637E1,-4.489527261E-1,1.361541706E-1,-3.953378516E-1,6.135051144E-1
1.432010638E1,-5.487450361E-1,1.310706013E-1,-5.593621910E-1,7.944725784E-1
1.433005638E1,-4.120776261E-1,2.420074850E-1,-6.020527124E-1,7.686631650E-1
1.434000637E1,-2.458104410E-1,1.971587563E-1,-5.186053437E-1,6.068326380E-1
1.434995637E1,3.077097237E-5,1.483806986E-1,-4.245277369E-1,4.497117211E-1
1.435990738E1,3.383774927E-1,1.742762625E-1,-4.237284225E-1,5.695764385E-1
1.436985737E1,5.635954289E-1,7.849828541E-2,-5.558269644E-1,7.954529544E-1
1.437980737E1,6.301284838E-1,7.893975019E-2,-4.567248452E-1,7.822346032E-1
1.438975738E1,5.636161134E-1,3.768822849E-2,-4.402959234E-1,7.162011072E-1
1.439970738E1,3.595797160E-1,-1.490174603E-1,-4.748260707E-1,6.139735931E-1
1.440965737E1,1.490051812E-1,-1.748317480E-1,-2.233718240E-1,3.204116975E-1
1.441960737E1,-6.749806479E-3,-2.037783891E-1,1.520568430E-1,2.543471550E-1
1.442955737E1,8.101244196E-3,-2.002531028E-1,2.518208671E-1,3.218395321E-1
1.443950837E1,1.529676931E-1,-1.985246658E-1,1.563434368E-1,2.953886056E-1
1.444945837E1,3.283788271E-1,-5.284888923E-2,2.189098138E-1,3.981798158E-1
1.445940837E1,3.710184778E-1,-2.617915392E-2,2.589790285E-2,3.728414681E-1
1.446935838E1,3.166244618E-1,9.724796712E-2,-3.481478977E-1,4.805363416E-1
1.447930837E1,2.492961855E-1,1.585063219E-1,-5.442108858E-1,6.192239743E-1
1.448925837E1,2.009541839E-1,1.447291124E-1,-6.089781547E-1,6.574066419E-1
1.449920837E1,1.581988315E-1,9.007284880E-2,-4.318461120E-1,4.686481119E-1
1.450915838E1,1.470723110E-1,4.149476588E-2,-1.882183635E-1,2.424422253E-1
1.451910937E1,7.922553286E-2,-5.614730358E-2,-4.928267241E-2,1.088943826E-1
1.452905937E1,-6.953874305E-2,-6.188634574E-2,1.250041151E-1,1.558575804E-1
1.453900938E1,-2.859316228E-1,-5.235363007E-2,2.689134479E-2,2.919262577E-1
1.454895938E1,-4.624057075E-1,-2.747138858E-2,-1.895035815E-1,5.004850877E-1
1.455890937E1,-5.143888434E-1,-7.290308475E-3,-3.919230777E-1,6.467246165E-1
1.456885937E1,-4.785712854E-1,-5.567192495E-2,-4.596390975E-1,6.658813245E-1
1.457880938E1,-3.222770382E-1,-2.085467935E-2,-1.657147694E-1,3.629859389E-1
1.458876037E1,-1.129960538E-1,-7.493440747E-2,3.745901763E-2,1.406643224E-1
1.459871037E1,6.883700408E-2,-1.299648929E-1,1.787499672E-1,2.314756084E-1
1.460866038E1,1.799199220E-1,-1.770449191E-1,2.893506360E-1,3.839789998E-1
1.461861038E1,2.312638110E-1,-2.348276889E-1,1.788265657E-1,3.749745783E-1
1.462856037E1,2.260531379E-1,-2.970251065E-1,4.572171807E-2,3.760510744E-1
1.463851037E1,1.327460479E-1,-3.039932334E-1,6.532392383E-2,3.380837385E-1
1.464846037E1,4.829705112E-2,-2.872818911E-1,1.893398595E-1,3.474378685E-1
1.465841038E1,7.290703163E-2,-2.357217282E-1,5.253705722E-1,5.804260561E-1
1.466836037E1,1.152833384E-1,-2.722948927E-1,7.484751785E-1,8.047669535E-1
1.467831137E1,9.437523007E-2,-2.523178804E-1,7.901950622E-1,8.348528212E-1
1.468826138E1,1.265087499E-1,-2.584024930E-1,5.744439143E-1,6.424656589E-1
1.469821137E1,1.444724927E-1,-1.773624229E-1,1.590992296E-1,2.786436704E-1
1.470816137E1,1.582779881E-1,-1.236037070E-1,-1.546676248E-1,2.534795299E-1
1.471811137E1,1.392326566E-1,-1.337989122E-1,-2.406690574E-1,3.085603292E-1
1.472806138E1,8.577784963E-2,-1.858625203E-1,-1.679770571E-1,2.647999389E-1
1.473801137E1,6.873416618E-2,-2.439779967E-1,1.347391444E-1,2.870614665E-1
1.474796237E1,2.225450277E-3,-3.856554472E-1,4.892926669E-1,6.230107467E-1
1.475791238E1,-4.436735675E-2,-4.596314961E-1,9.268345517E-1,1.035495949E0
1.476786238E1,-3.399300747E-2,-5.619349658E-1,1.202457680E0,1.327716424E0
1.477781237E1,-2.234403826E-2,-6.785325390E-1,1.288295975E0,1.456232187E0
1.478776237E1,-4.294845678E-2,-7.477618182E-1,1.381935040E0,1.571857742E0
1.479771238E1,-8.507157907E-2,-9.000987428E-1,1.471141917E0,1.726752287E0
1.480766238E1,-7.696543783E-2,-1.038448543E0,1.747674286E0,2.034370779E0
1.481761237E1,-3.586367793E-2,-1.130341630E0,2.210131157E0,2.482667544E0
1.482756338E1,9.539622702E-2,-1.301064540E0,2.724375063E0,3.020610676E0
1.483751338E1,2.526856703E-1,-1.482632280E0,3.291281916E0,3.618644107E0
1.484746337E1,3.764222552E-1,-1.611158758E0,3.847990640E0,4.188622474E0
1.485741337E1,6.240375124E-1,-1.716150485E0,4.369803182E0,4.736008356E0
1.486736338E1,1.115919034E0,-1.798414962E0,4.715188855E0,5.168421191E0
1.487731338E1,1.665669864E0,-1.753050216E0,4.698520782E0,5.284291693E0
1.488726337E1,1.959996481E0,-1.572135025E0,4.385044534E0,5.053890611E0
1.489721337E1,2.011802958E0,-1.388761957E0,3.935647420E0,4.633069342E0
1.490716438E1,1.884504687E0,-1.289480913E0,3.340759885E0,4.046578252E0
1.491711437E1,1.670201895E0,-1.258571362E0,2.867217278E0,3.548874633E0
1.492706437E1,1.560684423E0,-1.335573929E0,2.389006255E0,3.150689523E0
1.493701437E1,1.657389476E0,-1.331421821E0,1.918928708E0,2.863897925E0
1.494696438E1,1.756399502E0,-1.028079091E0,1.654494227E0,2.622829955E0
1.495691437E1,1.963172250E0,-1.112420937E0,1.313067119E0,2.610683988E0
1.496686437E1,2.295401980E0,-8.431187958E-1,1.160944787E0,2.706937818E0
1.497681538E1,2.601391745E0,-8.065371528E-1,8.155076587E-1,2.843025489E0
1.498676537E1,2.905978471E0,-8.677304573E-1,3.633167446E-1,3.054450209E0
1.499671537E1,3.126411484E0,-7.299680831E-1,1.134482628E-1,3.212502557E0
1.500666537E1,3.431357814E0,-6.858897981E-1,-1.526696312E-1,3.502566099E0
1.501661538E1,3.887447652E0,-4.292957393E-1,-2.367145854E-1,3.918236577E0
1.502656538E1,4.247782901E0,-6.228151520E-1,-3.935620522E-1,4.311200456E0
1.503651537E1,4.350513217E0,-8.819504473E-1,-7.037164968E-1,4.494443097E0
1.504646537E1,4.438489255E0,-1.126876497E0,-1.093038148E0,4.707947525E0
1.505641638E1,4.599698744E0,-1.445971261E0,-1.490286285E0,5.046683529E0
1.506636637E1,4.955956730E0,-1.579296110E0,-1.974861419E0,5.563790159E0
1.507631637E1,5.199825384E0,-1.600278405E0,-2.641277942E0,6.047761914E0
1.508626638E1,5.357697868E0,-1.406861867E0,-2.693342427E0,6.159405831E0
1.509621638E1,5.265824661E0,-1.284079840E0,-2.701071569E0,6.055869716E0
1.510616637E1,5.003011029E0,-1.229355895E0,-2.644023210E0,5.790707556E0
1.511611637E1,4.732662674E0,-1.372453780E0,-2.571735545E0,5.558376479E0
1.512606738E1,4.255640974E0,-1.137587280E0,-2.689230373E0,5.161060445E0
1.513601737E1,3.806242105E0,-1.042726147E0,-2.695837727E0,4.779361655E0
1.514596737E1,3.419831783E0,-8.585534716E-1,-2.460102550E0,4.299356701E0
1.515591737E1,3.135572902E0,-6.828961699E-1,-2.442309326E0,4.032745894E0
1.516586738E1,2.741272931E0,-5.890409034E-1,-2.681268804E0,3.879529465E0
1.517581737E1,2.326646869E0,-6.390184443E-1,-2.479060392E0,3.459388769E0
1.518576737E1,1.906953610E0,-6.354406793E-1,-2.523288732E0,3.226025876E0
1.519571838E1,1.460110559E0,-1.047257081E0,-2.451763251E0,3.039706117E0
1.520566837E1,9.944891757E-1,-9.278741866E-1,-2.180460631E0,2.569896455E0
1.521561837E1,6.770952934E-1,-1.072824178E0,-2.069369380E0,2.427282304E0
1.522556837E1,3.787709355E-1,-1.274013566E0,-2.137542068E0,2.517074508E0
1.523551838E1,-4.686250985E-2,-1.372196941E0,-2.261566190E0,2.645713924E0
1.524546837E1,-5.804636228E-1,-1.579908460E0,-2.391034654E0,2.924054629E0
1.525541837E1,-9.485932106E-1,-1.629722937E0,-2.121242369E0,2.838220414E0
1.526536837E1,-1.200295379E0,-1.611699041E0,-2.157176433E0,2.948167729E0
1.527531938E1,-1.343297809E0,-1.455640509E0,-2.232005006E0,2.984155600E0
1.528526937E1,-1.460595878E0,-1.317018083E0,-2.423360401E0,3.120985835E0
1.529521937E1,-1.472397314E0,-1.308257784E0,-2.719319560E0,3.357706233E0
1.530516938E1,-1.447395789E0,-1.274800016E0,-2.950545364E0,3.525023063E0
1.531511938E1,-1.486333568E0,-1.192932711E0,-3.211170384E0,3.734152000E0
1.532506937E1,-1.549682302E0,-1.059301030E0,-3.333494135E0,3.825678640E0
1.533501937E1,-1.683111670E0,-1.107207414E0,-3.531623529E0,4.065850207E0
1.534497038E1,-1.901091192E0,-1.107970183E0,-3.544773332E0,4.172189308E0
1.535492037E1,-2.037544155E0,-1.108312976E0,-3.388848556E0,4.106609109E0
1.536487037E1,-1.980414519E0,-1.113162364E0,-3.017259756E0,3.776907273E0
1.537482038E1,-1.822043268E0,-1.322064961E0,-2.739867845E0,3.546064472E0
1.538477038E1,-1.655768920E0,-1.486493343E0,-2.425881720E0,3.291828564E0
1.539472037E1,-1.474780054E0,-1.647805890E0,-2.431259404E0,3.286527461E0
1.540467037E1,-1.340528567E0,-1.771257130E0,-2.654275133E0,3.461147952E0
1.541462138E1,-1.255006022E0,-1.799507514E0,-2.792175867E0,3.550987677E0
1.542457137E1,-1.188307418E0,-1.710573411E0,-2.939061432E0,3.602251798E0
1.543452137E1,-1.156283972E0,-1.602078324E0,-3.012006032E0,3.602197651E0
1.544447137E1,-1.086924300E0,-1.518424403E0,-3.109994257E0,3.627544814E0
1.545442138E1,-8.857064062E-1,-1.575473639E0,-3.128172081E0,3.612762599E0
1.546437137E1,-5.916891074E-1,-1.668029508E0,-3.232617971E0,3.685408713E0
1.547432137E1,-3.567269325E-1,-1.889515167E0,-3.540072756E0,4.028602336E0
1.548427137E1,-2.700583327E-1,-2.035908104E0,-3.663643134E0,4.200015991E0
1.549422237E1,-2.784683830E-1,-2.049009960E0,-3.737947211E0,4.271795385E0
1.550417237E1,-3.407768977E-1,-2.089531457E0,-3.812823147E0,4.361179995E0
1.551412237E1,-4.442234981E-1,-1.864324484E0,-3.691487575E0,4.159341392E0
1.552407238E1,-2.578949547E-1,-1.729556689E0,-3.582460392E0,3.986464424E0
1.553402238E1,2.242214245E-1,-1.648876076E0,-3.550111256E0,3.920759810E0
1.554397237E1,9.160411763E-1,-1.627522629E0,-3.555286041E0,4.015970640E0
1.555392237E1,1.618076599E0,-1.448488780E0,-3.694778388E0,4.285753021E0
1.556387338E1,2.201284320E0,-1.191843448E0,-3.941203444E0,4.668964344E0
1.557382337E1,2.663728911E0,-8.196277530E-1,-4.108181212E0,4.964312061E0
1.558377337E1,2.976093019E0,-7.433620808E-1,-4.459879539E0,5.412969826E0
1.559372338E1,2.999481297E0,-9.418371914E-1,-4.679190764E0,5.637266319E0
1.560367338E1,3.002020742E0,-1.306381705E0,-4.377871170E0,5.466673365E0
1.561362337E1,3.195073584E0,-1.544561457E0,-3.902510372E0,5.274822509E0
1.562357337E1,3.488135448E0,-1.712729718E0,-3.210121978E0,5.040378468E0
1.563352438E1,3.757051234E0,-1.636509361E0,-2.302423609E0,4.700505435E0
1.564347437E1,3.847652671E0,-1.487946083E0,-1.566131104E0,4.412616147E0
1.565342437E1,3.508083808E0,-1.439183082E0,-9.867141330E-1,3.918099633E0
1.566337437E1,3.204433222E0,-1.537782779E0,-2.622312498E-1,3.563977185E0
1.567332438E1,3.068598894E0,-1.612630502E0,4.020241427E-1,3.489770726E0
1.568327437E1,3.128700085E0,-1.547333475E0,8.284504706E-1,3.587385578E0
1.569322437E1,3.443184977E0,-1.441560268E0,9.883320576E-1,3.861401177E0
1.570317538E1,4.098002379E0,-1.431274723E0,7.239256436E-1,4.400708939E0
1.571312537E1,4.465677638E0,-1.862153998E0,9.111131430E-3,4.838385815E0
1.572307537E1,4.449113061E0,-2.231495714E0,-4.644794226E-2,4.977583506E0
1.573302537E1,4.489300389E0,-2.212940598E0,5.531664813E-1,5.035565235E0
1.574297538E1,4.768936169E0,-2.021523369E0,1.079474362E0,5.290989871E0
1.575292538E1,5.230111037E0,-1.971209686E0,1.541341833E0,5.797884419E0
1.576287537E1,5.684578857E0,-1.754334704E0,1.821086079E0,6.221614063E0
1.577282638E1,6.163739469E0,-1.265255606E0,1.068462301E0,6.382332464E0
1.578277638E1,6.489778460E0,-1.397464953E0,4.712680399E-2,6.638701205E0
1.579272637E1,6.561538414E0,-1.860320311E0,-7.045450473E-1,6.856454021E0
1.580267637E1,6.302107980E0,-2.094582867E0,-2.202961886E-1,6.644725186E0
1.581262638E1,5.451636311E0,-1.978473244E0,1.165696235E0,5.915534004E0
1.582257638E1,4.288523668E0,-2.070612499E0,2.150663220E0,5.225344358E0
1.583252637E1,3.225872038E0,-1.887305796E0,2.695490402E0,4.608019323E0
1.584247738E1,2.388975411E0,-1.811916768E0,2.994662021E0,4.237717134E0
1.585242738E1,1.828627671E0,-1.822578873E0,3.022141011E0,3.974796750E0
1.586237737E1,1.595910535E0,-1.682631321E0,2.528674017E0,3.431088877E0
1.587232737E1,1.641505515E0,-1.620944658E0,2.045061336E0,3.082900875E0
1.588227737E1,1.423510790E0,-1.425991764E0,1.742346303E0,2.663757895E0
1.589222738E1,1.170965161E0,-1.181237549E0,1.636890600E0,2.333643587E0
1.590217737E1,9.736549616E-1,-1.133516668E0,1.920037925E0,2.432983694E0
1.591212737E1,8.219778221E-1,-1.178374168E0,2.483836398E0,2.869434870E0
1.592207838E1,8.376296490E-1,-1.043012879E0,3.015905541E0,3.299270454E0
1.593202837E1,8.241026272E-1,-9.051788038E-1,3.098242523E0,3.331306131E0
1.594197837E1,6.475459506E-1,-9.571640593E-1,2.722719716E0,2.957817007E0
1.595192837E1,1.555692289E-1,-8.192843753E-1,2.239099433E0,2.389350318E0
1.596187838E1,-2.237976841E-1,-5.532249534E-1,1.777065316E0,1.874594460E0
1.597182837E1,-3.355967397E-1,-5.771143377E-1,1.226650534E0,1.396552063E0
1.598177837E1,-2.965143705E-1,-4.197529006E-1,9.791759026E-1,1.105847511E0
1.599172938E1,4.468034724E-2,-3.023028034E-1,8.127454340E-1,8.682962967E-1
1.600167938E1,3.915530586E-1,-3.039797848E-1,8.059036070E-1,9.461491062E-1
1.601162937E1,4.365391238E-1,-2.628329283E-1,9.711926991E-1,1.096751026E0
1.602157937E1,3.073878710E-1,-2.872304356E-1,9.515992641E-1,1.040446916E0
1.603152938E1,1.574827303E-1,-2.924935144E-1,1.043186542E0,1.094802004E0
1.604147938E1,2.003061023E-2,-3.901525408E-1,1.170720747E0,1.234182846E0
1.605142937E1,-1.573695318E-1,-3.882001555E-1,1.399507093E0,1.460850654E0
1.606138038E1,-4.341707457E-1,-3.735084414E-1,1.392557677E0,1.505732272E0
1.607133038E1,-5.489690575E-1,-3.415803051E-1,1.000061572E0,1.190868288E0
1.608128037E1,-4.047546097E-1,-3.766483963E-1,7.188292104E-1,9.068658899E-1
1.609123037E1,-2.246914675E-1,-3.314961970E-1,6.461839879E-1,7.602168969E-1
1.610118038E1,4.306315357E-2,-2.761499619E-1,4.078035307E-1,4.943854330E-1
1.611113038E1,3.804117739E-1,-1.506804085E-1,9.453076601E-2,4.199449594E-1
1.612108137E1,6.376083883E-1,-3.266254663E-2,-2.261527598E-1,6.773155613E-1
1.613103138E1,7.897987671E-1,-2.860165536E-2,-4.130455595E-1,8.917436748E-1
1.614098138E1,7.424594168E-1,-7.098461330E-2,-3.357342589E-1,8.179256039E-1
1.615093137E1,5.691948688E-1,1.625935256E-2,-1.171589059E-1,5.813547750E-1
1.616088137E1,3.332662953E-1,-5.763337344E-2,-2.439166009E-2,3.390914072E-1
1.617083137E1,1.496704116E-1,-1.290041953E-1,5.734247446E-2,2.057461395E-1
1.618078138E1,4.125199679E-2,-7.196226776E-2,1.719935095E-1,1.909504191E-1
1.619073237E1,-7.152252059E-2,-2.229631037E-2,-1.355852365E-1,1.549062709E-1
1.620068237E1,-7.907664813E-3,4.948060066E-2,-4.822906262E-1,4.848866972E-1
1.621063238E1,6.766953439E-2,1.057860714E-1,-6.395368731E-1,6.517493927E-1
1.622058237E1,1.620356647E-1,1.534622213E-1,-6.273185313E-1,6.658338755E-1
1.623053237E1,2.660819337E-1,1.398133582E-1,-5.563561374E-1,6.323602788E-1
1.624048237E1,4.074924588E-1,1.604256704E-1,-4.137197435E-1,6.024537541E-1
1.625043238E1,4.495969797E-1,6.299117714E-2,-4.123210895E-1,6.132813493E-1
1.626038337E1,2.611074881E-1,9.558940440E-2,-5.335005409E-1,6.016122353E-1
1.627033337E1,7.635243036E-2,1.274833345E-1,-6.007674944E-1,6.188725851E-1
1.628028379E1,-1.279910556E-1,9.921497047E-2,-6.933476293E-1,7.120086065E-1
1.629023379E1,-3.560445625E-1,7.024026275E-2,-7.755524647E-1,8.562610878E-1
1.630018379E1,-4.614309401E-1,6.765491635E-2,-7.330993402E-1,8.688672757E-1
1.631013379E1,-4.228696493E-1,3.232633173E-3,-5.645890170E-1,7.054005588E-1
1.632008379E1,-2.430645520E-1,-5.378122777E-2,-2.265877926E-1,3.366226740E-1
1.633003479E1,9.672036555E-2,-7.680844009E-2,9.202347994E-2,1.540217077E-1
1.633998479E1,4.375121736E-1,-8.277698547E-2,1.588337660E-1,4.727547954E-1
1.634993479E1,6.378541175E-1,-1.039342582E-1,8.370464623E-2,6.516645403E-1
1.635988479E1,5.697865705E-1,-1.732822359E-3,-1.852234197E-1,5.991389269E-1
1.636983479E1,4.790589797E-1,-5.765120745E-2,-5.638300484E-1,7.421088136E-1
1.637978479E1,4.069718739E-1,-1.372999325E-1,-6.495625091E-1,7.787225634E-1
1.638973479E1,2.950055879E-1,-1.857879683E-1,-4.190184903E-1,5.450889481E-1
1.639968579E1,2.220728285E-1,-2.257399464E-1,2.662178814E-2,3.177791437E-1
1.640963579E1,1.720380946E-1,-2.338213831E-1,3.754134643E-1,4.745574932E-1
1.641958579E1,2.047380268E-1,-2.179426843E-1,5.428011221E-1,6.197174609E-1
1.642953579E1,2.804818351E-1,-2.218085709E-1,4.798903441E-1,5.984679142E-1
1.643948579E1,1.419383094E-1,-1.598169753E-1,1.282522434E-1,2.492721148E-1
1.644943579E1,6.574711606E-2,-4.888506174E-2,-4.244043607E-1,4.322400882E-1
1.645938679E1,6.153664570E-2,3.615538090E-2,-8.039605772E-1,8.071224071E-1
1.646933679E1,5.319252279E-2,4.046273232E-2,-9.779175818E-1,9.801986911E-1
1.647928679E1,9.386096746E-3,7.389564961E-2,-1.014627571E0,1.017358233E0
1.648923679E1,-1.488599510E-1,4.998404592E-2,-7.770879436E-1,7.927946530E-1
1.649918679E1,-3.379640215E-1,-8.982258797E-2,-3.027314043E-1,4.625300858E-1
1.650913679E1,-4.402913552E-1,-1.748972368E-1,2.112330043E-1,5.187146644E-1
1.651908679E1,-4.011575854E-1,-2.637161502E-1,5.679365480E-1,7.436568690E-1
1.652903779E1,-2.948823213E-1,-3.029220235E-1,7.170908332E-1,8.324281343E-1
1.653898779E1,-2.218254913E-1,-2.736341974E-1,7.489271683E-1,8.276316366E-1
1.654893779E1,-2.170519706E-1,-3.089320841E-1,5.432174438E-1,6.615404612E-1
1.655888779E1,-1.880338839E-1,-2.850386068E-1,3.618175185E-1,4.975094628E-1
1.656883779E1,-5.277177908E-2,-2.860729793E-1,3.343233258E-1,4.431644122E-1
1.657878779E1,9.083346192E-2,-3.020078114E-1,2.623517025E-1,4.102290235E-1
1.658873879E1,2.348765497E-1,-4.064920002E-1,3.521544099E-1,5.868692088E-1
1.659868879E1,3.222191508E-1,-5.246925876E-1,7.305634028E-1,9.554320374E-1
1.660863879E1,3.186260733E-1,-6.226863670E-1,1.135433385E0,1.333592839E0
1.661858879E1,3.029196116E-1,-6.389112210E-1,1.405445525E0,1.573291125E0
1.662853879E1,3.103580008E-1,-7.273231682E-1,1.492552081E0,1.689092299E0
1.663848879E1,3.090050282E-1,-6.546463707E-1,1.444126026E0,1.615408913E0
1.664843879E1,2.851218566E-1,-5.961902940E-1,1.418550889E0,1.564935771E0
1.665838979E1,2.522980729E-1,-4.862968460E-1,1.427354457E0,1.528881842E0
1.666833979E1,1.530315008E-1,-3.349495625E-1,1.295797952E0,1.347108824E0
1.667828979E1,2.887720540E-2,-2.852192858E-1,9.954358399E-1,1.035894032E0
1.668823979E1,-7.208520547E-3,-2.186224231E-1,5.535722780E-1,5.952226421E-1
1.669818979E1,-4.990328126E-2,-1.753983432E-1,2.710546982E-1,3.266887903E-1
1.670813979E1,-1.443059202E-1,-2.976703468E-1,1.912109685E-1,3.820909164E-1
1.671809079E1,-2.907412501E-1,-2.392046222E-1,4.765778965E-1,6.073514775E-1
1.672804079E1,-3.746338843E-1,-3.014359537E-1,7.173258913E-1,8.635801154E-1
1.673799079E1,-3.650251548E-1,-3.123331171E-1,9.492328960E-1,1.063878955E0
1.674794079E1,-2.505767258E-1,-2.226105165E-1,1.062062523E0,1.113696970E0
1.675789079E1,-1.081688118E-1,-7.823223710E-2,7.130223405E-1,7.254113542E-1
1.676784079E1,6.137822270E-2,9.407877624E-2,-8.028811812E-3,1.126168912E-1
1.677779079E1,2.280539820E-1,1.314275739E-1,-5.584260517E-1,6.173503714E-1
1.678774179E1,3.203427793E-1,1.777778676E-1,-7.206389236E-1,8.084212545E-1
1.679769179E1,2.926432031E-1,1.025972924E-1,-6.847849667E-1,7.517291396E-1
1.680764179E1,2.304963639E-1,-2.757634610E-2,-2.746782178E-1,3.596347480E-1
1.681759179E1,1.858226131E-1,-1.220375302E-1,1.853193140E-1,2.894243433E-1
1.682754179E1,3.440415443E-1,-1.239191642E-1,3.888714159E-1,5.337991397E-1
1.683749179E1,5.709478641E-1,-4.795038432E-2,3.815232199E-1,6.883608575E-1
1.684744279E1,8.198009768E-1,-9.708746105E-2,2.152120346E-1,8.531212320E-1
1.685739279E1,9.398793975E-1,-6.851884246E-2,1.815127766E-1,9.596952650E-1
1.686734279E1,9.652095357E-1,-1.520147431E-1,1.820314246E-1,9.939181905E-1
1.687729279E1,9.450088674E-1,-3.217746162E-1,1.347531778E-1,1.007342584E0
1.688724279E1,7.658171430E-1,-3.860863870E-1,3.805268544E-1,9.382639723E-1
1.689719279E1,4.685903075E-1,-5.088375700E-1,7.011788052E-1,9.849590173E-1
1.690714279E1,2.738157535E-1,-4.654064986E-1,9.183613515E-1,1.065347759E0
1.691709379E1,3.322996044E-1,-3.986108306E-1,7.680832314E-1,9.269657339E-1
1.692704379E1,5.446023569E-1,-2.943915206E-1,6.809421766E-1,9.202936175E-1
1.693699379E1,6.790675592E-1,-2.740987587E-1,7.343582457E-1,1.037084815E0
1.694694379E1,7.120177889E-1,-3.367162988E-1,7.994909656E-1,1.122289179E0
1.695689379E1,6.655365175E-1,-5.140275586E-1,8.138318467E-1,1.170250171E0
1.696684379E1,4.508133101E-1,-7.008001980E-1,1.014224113E0,1.312632511E0
1.697679479E1,1.340409869E-1,-9.038333595E-1,1.465012280E0,1.726598595E0
1.698674479E1,1.540314478E-1,-1.092205359E0,2.191086191E0,2.453058688E0
1.699669479E1,6.081753320E-1,-9.432216659E-1,2.340898288E0,2.596025643E0
1.700664479E1,1.065018291E0,-6.358155589E-1,1.558739639E0,1.992032793E0
1.701659479E1,1.493839638E0,-4.873294643E-1,1.017802024E0,1.872155932E0
1.702654479E1,1.623835521E0,-4.641952479E-1,7.342506570E-1,1.841587102E0
1.703649579E1,1.464976028E0,-4.743789048E-1,4.684549445E-1,1.609546564E0
1.704644579E1,1.235119641E0,-6.937730142E-1,4.441843218E-1,1.484635051E0
1.705639579E1,1.033877774E0,-1.090659793E0,7.554760498E-1,1.682018460E0
1.706634579E1,1.220631995E0,-1.180553133E0,1.612361530E0,2.341657078E0
1.707629579E1,2.078917884E0,-1.180441597E0,2.513845478E0,3.469115308E0
1.708624579E1,3.427817910E0,-1.197050686E0,3.032501108E0,4.730637265E0
1.709619579E1,4.771094669E0,-9.768109231E-1,3.032682956E0,5.737130801E0
1.710614679E1,5.558248594E0,-1.034593620E0,2.634922019E0,6.237573682E0
1.711609679E1,5.564227957E0,-1.398838610E0,1.988120565E0,6.072067654E0
1.712604679E1,4.757408091E0,-1.360100952E0,9.082158476E-1,5.030672159E0
1.713599679E1,3.782086673E0,-1.094475686E0,-9.389125603E-1,4.047667652E0
1.714594679E1,3.066966351E0,-1.233946836E0,-2.826172748E0,4.349271180E0
1.715589679E1,2.553200163E0,-1.329462419E0,-3.143666033E0,4.262503669E0
1.716584779E1,2.292267580E0,-9.687074132E-1,-2.519997334E0,3.541648101E0
1.717579779E1,2.588972259E0,-6.860496464E-1,-1.847967776E0,3.253986229E0
1.718574779E1,2.947340505E0,-3.758778429E-1,-1.624684976E0,3.386399486E0
1.719569779E1,3.036767821E0,-2.583831058E-1,-2.125494318E0,3.715702723E0
1.720564779E1,2.940342557E0,-2.340618864E-1,-2.704573467E0,4.001889174E0
1.721559779E1,2.667696832E0,-2.995210819E-1,-3.088511879E0,4.092092972E0
1.722554879E1,2.147049056E0,-4.829535908E-1,-3.141554604E0,3.835678447E0
1.723549879E1,1.463476217E0,-6.590649654E-1,-3.033367081E0,3.431828246E0
1.724544879E1,7.524641490E-1,-8.172969798E-1,-3.032298210E0,3.229397634E0
1.725539879E1,6.444625676E-2,-1.019248553E0,-2.982738379E0,3.152736775E0
1.726534879E1,-2.961889547E-1,-1.663041979E0,-2.475900557E0,2.997252090E0
1.727529879E1,-5.471286464E-1,-1.721415026E0,-2.354357994E0,2.967426664E0
1.728524954E1,-8.233844429E-1,-1.629045829E0,-2.244299362E0,2.892858773E0
1.729519954E1,-1.092466291E0,-1.401492953E0,-2.288759251E0,2.897599697E0
1.730514954E1,-1.501956743E0,-1.142543015E0,-2.460069805E0,3.100519641E0
1.731509954E1,-1.865524333E0,-9.284755728E-1,-2.255453510E0,3.070719535E0
1.732504954E1,-2.002645048E0,-1.080397930E0,-2.011719342E0,3.037245724E0
1.733499954E1,-2.156732630E0,-1.217590712E0,-1.851369978E0,3.092182655E0
1.734495054E1,-2.031912702E0,-1.372996840E0,-1.637222722E0,2.948607772E0
1.735490054E1,-1.839649819E0,-1.603450227E0,-1.621699533E0,2.930063731E0
1.736485054E1,-1.644371527E0,-1.217773291E0,-1.666434242E0,2.638926409E0
1.737480054E1,-1.489491649E0,-1.087032035E0,-1.989787606E0,2.712835921E0
1.738475054E1,-1.371220018E0,-1.009241701E0,-2.333972261E0,2.888985923E0
1.739470054E1,-1.359267139E0,-6.961915688E-1,-2.312666177E0,2.771410237E0
1.740465054E1,-1.295165868E0,-7.195535342E-1,-2.185389833E0,2.640291772E0
1.741460154E1,-1.119239522E0,-6.726624461E-1,-1.891461997E0,2.298434328E0
1.742455154E1,-8.137429690E-1,-8.338147062E-1,-1.530465428E0,1.923473163E0
1.743450154E1,-5.422590852E-1,-8.067839053E-1,-1.565409558E0,1.842675302E0
1.744445154E1,-3.553364646E-1,-8.825985380E-1,-1.731513752E0,1.975698371E0
1.745440154E1,-2.570231348E-1,-8.928029526E-1,-1.853870248E0,2.073642423E0
1.746435154E1,-2.621201527E-1,-8.697200456E-1,-1.929141455E0,2.132300796E0
1.747430254E1,-3.529782826E-1,-7.241295652E-1,-1.786065935E0,1.959333769E0
1.748425254E1,-4.182022190E-1,-6.414995641E-1,-1.579559820E0,1.755398533E0
1.749420254E1,-4.470746005E-1,-5.808452267E-1,-1.553629757E0,1.717853980E0
1.750415254E1,-4.050354588E-1,-6.094370149E-1,-1.502473637E0,1.671195449E0
1.751410254E1,-3.102129167E-1,-8.363665773E-1,-1.585473694E0,1.819194310E0
1.752405254E1,-2.344347560E-1,-7.751530999E-1,-1.284924470E0,1.518832735E0
1.753400354E1,-1.530403447E-1,-7.641599690E-1,-1.030543692E0,1.292045706E0
1.754395354E1,-8.586460769E-2,-7.131105604E-1,-8.065415382E-1,1.080004007E0
1.755390354E1,-2.133882880E-2,-6.323561999E-1,-6.259221431E-1,8.900046283E-1
1.756385354E1,8.667737067E-2,-5.591409469E-1,-5.129539001E-1,7.637232933E-1
1.757380354E1,2.461835665E-1,-4.105492735E-1,-5.895969371E-1,7.594613898E-1
1.758375354E1,3.934223038E-1,-3.311925072E-1,-5.061968943E-1,7.215988371E-1
1.759370454E1,4.761247373E-1,-3.228563511E-1,-4.652816606E-1,7.398770253E-1
1.760365454E1,4.965572476E-1,-3.392193821E-1,-3.490332393E-1,6.953151023E-1
1.761360454E1,4.489141345E-1,-4.948401031E-1,-3.860834634E-1,7.716547599E-1
1.762355454E1,3.536729318E-1,-5.981810151E-1,-3.210015412E-1,7.654717885E-1
1.763350454E1,2.745700443E-1,-7.760626343E-1,-4.114685655E-1,9.203088079E-1
1.764345454E1,1.953759402E-1,-8.455529916E-1,-3.620829821E-1,9.403380805E-1
1.765340554E1,1.244626629E-1,-8.626493000E-1,-5.381952338E-1,1.024357789E0
1.766335554E1,6.203194141E-2,-7.928228009E-1,-8.134166944E-1,1.137568756E0
1.767330554E1,-4.625147581E-3,-8.268841477E-1,-1.196066673E0,1.454075057E0
1.768325554E1,4.304310858E-2,-8.545900096E-1,-1.475529667E0,1.705685959E0
1.769320554E1,9.510379314E-2,-8.523961343E-1,-1.782853475E0,1.978431301E0
1.770315554E1,1.498191136E-1,-8.298075362E-1,-2.078171779E0,2.242726969E0
1.771310654E1,1.948795116E-1,-8.011065513E-1,-2.380281039E0,2.519025120E0
1.772305654E1,2.002595347E-1,-7.665147889E-1,-2.583081189E0,2.701843303E0
1.773300654E1,5.189228475E-2,-8.351546688E-1,-2.690913202E0,2.818011708E0
1.774295654E1,-2.994066775E-2,-7.718633833E-1,-2.506134170E0,2.622475549E0
1.775290654E1,-4.275016308E-2,-6.621361423E-1,-2.274193836E0,2.369010226E0
1.776285654E1,-5.926153064E-2,-4.416014604E-1,-2.018042521E0,2.066644478E0
1.777280754E1,-2.184578240E-2,-3.930646369E-1,-1.827029189E0,1.868960327E0
1.778275754E1,-2.953896403E-2,-4.373853256E-1,-1.924392346E0,1.973693080E0
1.779270754E1,-7.466309667E-2,-5.506197996E-1,-1.944838890E0,2.022660389E0
1.780265754E1,-2.397066057E-1,-6.960769634E-1,-1.997181995E0,2.128548406E0
1.781260754E1,-6.755124521E-1,-8.217938541E-1,-2.261443398E0,2.499157549E0
1.782255754E1,-1.073708423E0,-8.261252522E-1,-2.347292511E0,2.710187233E0
1.783250854E1,-1.177600581E0,-9.129204442E-1,-2.377093138E0,2.805483675E0
1.784245854E1,-5.698830861E-1,-8.140251703E-1,-2.211994665E0,2.424937959E0
1.785240854E1,4.859071290E-1,-3.238368561E-1,-2.310878390E0,2.383513160E0
1.786235854E1,1.534930946E0,1.003143932E-1,-2.971031376E0,3.345609575E0
1.787230854E1,2.404018396E0,2.223231990E-1,-3.667827986E0,4.391092596E0
1.788225854E1,2.706874931E0,1.272812402E-1,-4.208342847E0,5.005349330E0
1.789220954E1,2.355899320E0,-5.834986201E-1,-4.597416576E0,5.198747101E0
1.790215954E1,1.713969766E0,-1.438581404E0,-4.151393890E0,4.716066162E0
1.791210954E1,1.264548093E0,-1.751950063E0,-2.755789813E0,3.501826437E0
1.792205954E1,1.370076302E0,-2.007390210E0,-1.451631512E0,2.830893600E0
1.793200954E1,2.052469758E0,-2.004914938E0,-6.525861043E-1,2.942479335E0
1.794195954E1,2.981837908E0,-1.698679005E0,-5.702070218E-1,3.478793429E0
1.795191054E1,4.119773902E0,-1.439890742E0,-1.228198292E0,4.533684307E0
1.796186054E1,5.378210485E0,-1.408817907E0,-1.735869343E0,5.824359045E0
1.797181054E1,6.388316989E0,-1.627416210E0,-2.271752039E0,6.972799639E0
1.798176054E1,7.341162295E0,-2.690714104E0,-3.010661173E0,8.378346312E0
1.799171054E1,7.418098204E0,-2.888001207E0,-3.113145322E0,8.547537992E0
1.800166054E1,7.389004213E0,-3.227059023E0,-2.315540668E0,8.388862961E0
1.801161154E1,7.010233862E0,-4.055213624E0,-1.976216803E0,8.336280297E0
1.802156154E1,6.275338258E0,-4.248935387E0,-7.911914277E-1,7.619665744E0
1.803151154E1,5.966435702E0,-4.263300534E0,9.694858968E-1,7.396890518E0
1.804146154E1,5.923967375E0,-3.901032488E0,2.249706867E0,7.441278446E0
1.805141154E1,5.613608862E0,-3.288490748E0,2.870393486E0,7.110972832E0
1.806136154E1,4.854991688E0,-2.842883213E0,2.462546686E0,6.141422102E0
1.807131254E1,3.890677069E0,-2.676365914E0,1.906361872E0,5.092594441E0
1.808126254E1,2.710012547E0,-2.648749222E0,2.192995892E0,4.378272653E0
1.809121254E1,1.539424970E0,-2.608228894E0,3.013338028E0,4.272340492E0
1.810116254E1,7.792418385E-1,-2.324181975E0,3.640345488E0,4.388753236E0
1.811111254E1,5.392141842E-1,-1.826238061E0,3.623292668E0,4.093183009E0
1.812106254E1,4.976454510E-1,-1.525408756E0,2.882696028E0,3.299160386E0
1.813101254E1,7.302031412E-1,-1.411858166E0,2.230692306E0,2.739074346E0
1.814096354E1,8.197449166E-1,-1.234061880E0,1.696766088E0,2.252533154E0
1.815091354E1,7.574224417E-1,-9.602829641E-1,1.484595775E0,1.923501168E0
1.816086354E1,6.149912120E-1,-9.239202994E-1,1.615045987E0,1.959647022E0
1.817081354E1,2.611220330E-1,-1.043294131E0,2.090815798E0,2.351203534E0
1.818076354E1,4.035064850E-2,-9.238331759E-1,2.852903295E0,2.999025362E0
1.819071354E1,3.469143545E-1,-6.648792905E-1,2.993598413E0,3.086105231E0
1.820066454E1,6.302528103E-1,-4.238213933E-1,2.351920874E0,2.471512690E0
1.821061454E1,6.581633247E-1,-3.211068642E-1,1.766378360E0,1.912166596E0
1.822056454E1,2.976788801E-1,-2.099115336E-1,1.312318676E0,1.361930936E0
1.823051454E1,-2.164233584E-1,-2.975320601E-1,5.945162362E-1,6.991523096E-1
1.824046454E1,-4.878950362E-1,-4.425851083E-1,3.033798605E-1,7.252327104E-1
1.825041554E1,-4.899669240E-1,-3.920406067E-1,4.881676626E-1,7.950289874E-1
1.826036554E1,-2.780219480E-1,-4.561816388E-1,7.572840089E-1,9.267561498E-1
1.827031554E1,-3.603515667E-2,-4.637876970E-1,1.308215100E0,1.388461129E0
1.828026500E1,1.453944250E-1,-5.227451724E-1,1.713982045E0,1.797814369E0
1.829021500E1,2.163478014E-1,-5.170564163E-1,1.796174601E0,1.881594246E0
1.830016500E1,1.458195907E-1,-4.352702415E-1,1.791217332E0,1.849103314E0
1.831011500E1,8.810516594E-3,-3.738282841E-1,1.587550040E0,1.630993667E0
1.832006600E1,5.880264755E-2,-2.860989994E-1,8.331744361E-1,8.828873256E-1
1.833001600E1,1.896255325E-1,-2.072960740E-1,2.651595354E-2,2.821924887E-1
1.833996600E1,2.251432928E-1,9.961316586E-3,-5.022191066E-1,5.504659491E-1
1.834991600E1,3.249057226E-2,3.652638674E-2,-8.907431978E-1,8.920836612E-1
1.835986600E1,-1.369807477E-1,8.632069051E-2,-9.280443406E-1,9.420622511E-1
1.836981600E1,-1.965406507E-1,-5.690100968E-2,-6.427598584E-1,6.745414649E-1
1.837976700E1,-2.151853384E-1,-7.317088723E-2,-1.704977918E-1,2.841270941E-1
1.838971700E1,-1.147926473E-1,-6.673719585E-2,2.944190025E-1,3.229763989E-1
1.839966700E1,1.299904927E-1,1.029460788E-2,6.629362607E-1,6.756389516E-1
1.840961700E1,2.862756218E-1,1.624882758E-2,8.239960617E-1,8.724604666E-1
1.841956700E1,3.373756454E-1,1.850819170E-2,6.937744761E-1,7.716786267E-1
1.842951700E1,2.723312185E-1,1.402045369E-2,3.454090619E-1,4.400775906E-1
1.843946800E1,6.370788133E-2,8.690716624E-3,-9.237197399E-2,1.125468981E-1
1.844941800E1,-1.168490217E-1,1.893386900E-2,-6.081034112E-1,6.195175090E-1
1.845936800E1,-1.899958623E-1,5.054859459E-2,-8.121010709E-1,8.355607323E-1
1.846931800E1,-2.048269228E-1,-9.350867271E-3,-7.976373982E-1,8.235696243E-1
1.847926800E1,-1.495686518E-1,-7.596059382E-2,-5.971948457E-1,6.203083726E-1
1.848921800E1,2.080245640E-2,-5.438904583E-2,-1.771647871E-1,1.864893355E-1
1.849916900E1,2.294550662E-1,-1.239258885E-1,2.861334980E-2,2.623470546E-1
1.850911900E1,3.925699990E-1,-1.115818316E-1,2.865199989E-1,4.986536063E-1
1.851906900E1,4.927019591E-1,-2.019973272E-1,3.646428931E-1,6.453856058E-1
1.852901900E1,5.150472399E-1,-1.867705929E-1,3.005673498E-1,6.248981081E-1
1.853896900E1,5.060790363E-1,-2.176590943E-1,1.433135015E-1,5.692365344E-1
1.854891900E1,4.141780921E-1,-1.979855525E-1,-2.380670464E-1,5.171244430E-1
1.855887000E1,3.184023808E-1,-2.280343938E-1,-3.139849555E-1,5.019624619E-1
1.856882000E1,1.887776132E-1,-1.530631489E-1,-2.112242335E-1,3.219953285E-1
1.857877000E1,6.543388803E-2,-8.071554959E-2,-4.269286036E-2,1.123355419E-1
1.858872000E1,8.525331784E-2,-1.165578121E-1,2.255902576E-1,2.678522281E-1
1.859867000E1,2.067590073E-1,-9.315491617E-2,3.290257484E-1,3.996061418E-1
1.860862000E1,3.220267409E-1,-5.944747210E-2,3.632372224E-1,4.890567488E-1
1.861857100E1,3.542580919E-1,-6.744353950E-2,2.637018245E-1,4.467505780E-1
1.862852100E1,2.883122071E-1,-4.360268712E-3,7.004087269E-2,2.967299522E-1
1.863847100E1,1.812769146E-1,2.864901781E-2,-8.182184279E-2,2.009400406E-1
1.864842100E1,1.758031167E-2,1.406079948E-2,-1.389339370E-1,1.407459139E-1
1.865837100E1,-1.841458509E-1,-3.874248147E-2,-1.873161381E-1,2.655146133E-1
1.866832100E1,-3.763550122E-1,1.034255505E-2,-2.379284674E-1,4.453762671E-1
1.867827200E1,-3.987044957E-1,3.847467899E-4,-2.923730618E-1,4.944162519E-1
1.868822200E1,-3.225664754E-1,8.905309439E-4,-4.276723695E-1,5.356804829E-1
1.869817200E1,-2.512050822E-1,-3.125336766E-3,-4.739162439E-1,5.363863974E-1
1.870812200E1,-1.817769977E-1,-1.650201201E-2,-4.810977942E-1,5.145583357E-1
1.871807200E1,-1.046910341E-1,-4.199294865E-2,-3.735078567E-1,3.901688601E-1
1.872802200E1,-6.823517941E-3,-9.312743425E-2,-2.740092963E-1,2.894829423E-1
1.873797300E1,4.583731022E-2,-1.496986610E-1,-1.619275278E-1,2.252360370E-1
1.874792300E1,1.633419693E-3,-1.602593172E-1,1.423504651E-2,1.608985809E-1
1.875787300E1,5.502127603E-2,-2.552344716E-1,5.928024173E-2,2.677426439E-1
1.876782300E1,1.559541950E-1,-2.342786354E-1,1.143259299E-1,3.037739426E-1
1.877777300E1,2.120670731E-1,-2.307024783E-1,5.783364058E-2,3.186546829E-1
1.878772300E1,3.021159118E-1,-1.613381284E-1,-4.390440345E-2,3.452993085E-1
1.879767400E1,4.081041872E-1,-1.323534805E-1,-1.280908602E-1,4.477429395E-1
1.880762400E1,4.475908731E-1,-9.829461873E-2,-1.272143626E-1,4.755869172E-1
1.881757400E1,4.220734047E-1,7.193244696E-3,-3.565515161E-2,4.236378070E-1
1.882752400E1,3.266435196E-1,1.040044248E-2,-1.324569762E-2,3.270773710E-1
1.883747400E1,2.460644660E-1,2.941909611E-2,1.101597887E-1,2.711980525E-1
1.884742500E1,1.590541329E-1,-5.760092139E-3,1.234943640E-1,2.014503755E-1
1.885737500E1,5.463652924E-2,4.677772522E-2,8.950742304E-2,1.148254531E-1
1.886732500E1,-5.381499544E-2,3.547096431E-2,-2.776842713E-3,6.451320716E-2
1.887727500E1,-1.543358684E-1,-4.029257834E-2,-1.045751131E-1,1.907328142E-1
1.888722500E1,-2.832801298E-1,2.138151348E-2,-7.109278679E-2,2.928463512E-1
1.889717500E1,-3.466826586E-1,6.985610068E-2,-2.003618610E-1,4.064647782E-1
1.890712600E1,-2.669484910E-1,6.270320177E-2,-3.892509001E-1,4.761401597E-1
1.891707600E1,-1.381087486E-1,1.101171041E-1,-3.208811617E-1,3.662847567E-1
1.892702600E1,-6.559735425E-2,7.940168023E-2,-2.035035700E-1,2.280818772E-1
1.893697600E1,-8.782788344E-2,7.916311383E-2,-1.763865227E-1,2.123505147E-1
1.894692600E1,-1.038765901E-1,1.321178377E-2,-8.777606249E-2,1.366365044E-1
1.895687600E1,-6.510816157E-2,-7.873217404E-2,3.931784749E-2,1.094701834E-1
1.896682700E1,7.557672411E-3,-8.781406939E-2,2.182414770E-1,2.353673118E-1
1.897677700E1,7.031181805E-2,-1.736500257E-1,1.466505075E-1,2.379169068E-1
1.898672700E1,5.300077066E-2,-1.098849696E-1,-1.097183239E-1,1.640789409E-1
1.899667700E1,1.415475693E-1,-4.241160929E-2,-3.396670961E-1,3.704162458E-1
1.900662700E1,2.914107563E-1,-6.403285861E-2,-3.860372704E-1,4.878987702E-1
1.901657800E1,3.977493165E-1,-8.475422144E-2,-8.397771120E-2,4.152590189E-1
1.902652800E1,4.617454107E-1,-2.241594440E-1,1.441823977E-1,5.331461755E-1
1.903647800E1,4.592337392E-1,-1.815566307E-1,4.282705396E-1,6.536620629E-1
1.904642800E1,5.220996398E-1,-2.250827193E-1,5.206828594E-1,7.709480556E-1
1.905637800E1,5.694906648E-1,-2.150582528E-1,5.654766244E-1,8.308630947E-1
1.906632800E1,5.506868964E-1,-2.317783660E-1,5.554562509E-1,8.157872979E-1
1.907627900E1,5.169304819E-1,-9.471027553E-2,6.383744466E-1,8.268670349E-1
1.908622900E1,4.474094997E-1,-9.676674128E-2,4.496450365E-1,6.416538954E-1
1.909617900E1,2.862825289E-1,-4.346995533E-2,2.119077730E-1,3.588206065E-1
1.910612900E1,1.048621383E-1,6.229038835E-3,2.822737509E-1,3.011865525E-1
1.911607900E1,-3.750616081E-2,1.551324785E-2,2.923520118E-1,2.951560126E-1
1.912602900E1,-7.632355973E-2,3.573058069E-2,2.134181088E-1,2.294542424E-1
1.913598000E1,-6.874279082E-2,8.015480161E-2,2.093595564E-2,1.076507211E-1
1.914593000E1,-1.453077675E-1,8.965594232E-2,-2.652057284E-1,3.154149864E-1
1.915588000E1,-2.198648833E-1,1.373972887E-1,-3.241006386E-1,4.150419326E-1
1.916583000E1,-2.703487931E-1,1.752164948E-1,-2.511338192E-1,4.084819276E-1
1.917578000E1,-3.025660743E-1,1.847041869E-1,-1.720408720E-1,3.940303638E-1
1.918573100E1,-3.041511083E-1,1.463417745E-1,-1.429807949E-1,3.665614810E-1
1.919568100E1,-2.721325593E-1,7.484377563E-2,-1.489268285E-1,3.191189760E-1
1.920563100E1,-2.036071388E-1,5.038487256E-2,-1.303730285E-1,2.469648333E-1
1.921558100E1,-1.009349290E-1,-1.526766479E-2,-2.062359738E-1,2.301178793E-1
1.922553100E1,4.381450251E-2,-4.080420971E-2,-3.220371562E-1,3.275555283E-1
1.923548200E1,1.731213643E-1,-3.678600311E-2,-3.759408832E-1,4.155186692E-1
1.924543200E1,2.768026574E-1,-9.545228720E-2,-4.445667297E-1,5.323254901E-1
1.925538200E1,3.697825956E-1,-1.448612595E-1,-2.883250344E-1,4.907700867E-1
1.926533200E1,4.411716901E-1,-1.684237844E-1,1.612954438E-2,4.725031148E-1
1.927528200E1,4.091651279E-1,-1.661848855E-1,2.349066263E-1,5.002145951E-1
1.928523254E1,4.007324197E-1,-1.829207861E-1,4.035865188E-1,5.974349875E-1
1.929518354E1,4.223047717E-1,-1.697417468E-1,4.239979792E-1,6.220352620E-1
1.930513354E1,4.124056549E-1,-1.427942687E-1,3.289128971E-1,5.464909160E-1
1.931508354E1,3.308269101E-1,-1.134266281E-1,1.249164069E-1,3.713706411E-1
1.932503354E1,2.360817705E-1,-4.970133305E-2,-5.718576908E-3,2.413245263E-1
1.933498354E1,1.859971525E-1,-4.027620614E-2,-9.760815561E-2,2.138795585E-1
1.934493454E1,1.508520973E-1,-1.980101109E-2,-1.456132114E-1,2.105982969E-1
1.935488454E1,5.219758250E-2,5.197940826E-2,-8.712702155E-2,1.140945414E-1
1.936483454E1,-3.140203312E-2,7.949114263E-2,-1.822132730E-1,2.012625308E-1
1.937478454E1,-1.293090545E-1,9.681527317E-2,-3.957646984E-1,4.274619576E-1
1.938473454E1,-2.066748074E-1,1.130108911E-1,-5.692042243E-1,6.160189823E-1
1.939468454E1,-2.494197810E-1,9.499094188E-2,-5.596440268E-1,6.200281791E-1
1.940463554E1,-2.364226632E-1,8.344619930E-2,-4.353228664E-1,5.023593752E-1
1.941458554E1,-2.322450469E-1,6.062977910E-3,-2.766703641E-1,3.612769186E-1
1.942453554E1,-2.243693590E-1,-4.906866431E-2,-5.104151487E-2,2.352755392E-1
1.943448554E1,-2.359957433E-1,-1.436409456E-1,6.533620298E-2,2.838935215E-1
1.944443554E1,-2.230618485E-1,-1.873430353E-1,1.511458468E-1,3.281753619E-1
1.945438654E1,-1.601343329E-1,-1.957659495E-1,1.529292476E-1,2.955582283E-1
1.946433654E1,4.701673016E-3,-1.942439193E-1,-1.439584494E-2,1.948333807E-1
1.947428654E1,1.650391967E-1,-1.547401303E-1,-1.221202683E-1,2.570910428E-1
1.948423654E1,2.945795086E-1,-1.072513837E-1,-2.488843954E-1,4.002791382E-1
1.949418654E1,4.563941120E-1,-8.545764148E-2,-1.782804358E-1,4.973756204E-1
1.950413754E1,5.890349101E-1,-1.460236859E-1,-1.648300856E-1,6.288513332E-1
1.951408754E1,5.756580886E-1,-1.136868292E-1,6.937721372E-2,5.908638827E-1
1.952403754E1,4.968862266E-1,-1.826348573E-1,3.283153117E-1,6.229304593E-1
1.953398754E1,4.171774945E-1,-2.876496810E-1,5.185614896E-1,7.250416673E-1
1.954393754E1,3.438184000E-1,-3.211945724E-1,7.152817047E-1,8.561570899E-1
1.955388754E1,2.802164081E-1,-3.765875852E-1,7.399967158E-1,8.763187685E-1
1.956383854E1,1.903089624E-1,-4.033415204E-1,7.254067433E-1,8.515379184E-1
1.957378854E1,1.561782530E-1,-4.043688762E-1,8.862133598E-1,9.865495192E-1
1.958373854E1,4.689028412E-2,-4.404064357E-1,1.070486022E0,1.158489038E0
1.959368854E1,-1.842063696E-1,-3.930550987E-1,1.114678109E0,1.196215525E0
1.960363854E1,-3.398050173E-1,-3.462586623E-1,1.218469110E0,1.311498945E0
1.961358954E1,-4.214521746E-1,-3.929650515E-1,1.268363401E0,1.393122100E0
1.962353954E1,-4.370764464E-1,-4.588093776E-1,1.435669783E0,1.569295890E0
1.963348954E1,-4.222596020E-1,-5.508483526E-1,1.546561643E0,1.695166657E0
1.964343954E1,-4.792581140E-1,-5.054964709E-1,1.710999965E0,1.847359170E0
1.965338954E1,-4.877899325E-1,-6.395927140E-1,1.712194551E0,1.891726206E0
1.966334054E1,-2.504004322E-1,-6.639048520E-1,1.661330792E0,1.806513224E0
1.967329054E1,-3.534729570E-2,-7.394555560E-1,1.737046387E0,1.888219823E0
1.968324054E1,1.503830776E-1,-8.332507423E-1,1.943705115E0,2.120120620E0
1.969319054E1,2.876166442E-1,-8.943126306E-1,1.929664196E0,2.146187858E0
1.970314054E1,4.062417394E-1,-9.610463181E-1,1.606107348E0,1.915260606E0
1.971309154E1,5.045965844E-1,-8.942898265E-1,1.464046320E0,1.788240374E0
1.972304154E1,5.221040252E-1,-8.197544914E-1,1.389458653E0,1.695637163E0
1.973299154E1,5.511231717E-1,-7.642930663E-1,1.499079913E0,1.770627354E0
1.974294154E1,7.637755877E-1,-6.621875247E-1,1.657220784E0,1.941191952E0
1.975289154E1,1.057036549E0,-5.567435154E-1,1.423728014E0,1.858572319E0
1.976284254E1,1.272865757E0,-5.193619734E-1,1.362763190E0,1.935729218E0
1.977279254E1,1.383896196E0,-5.665320468E-1,1.276595696E0,1.966169834E0
1.978274254E1,1.352330880E0,-6.763348630E-1,9.359468526E-1,1.778264369E0
1.979269254E1,1.118579956E0,-8.195214799E-1,6.222068954E-1,1.519861176E0
1.980264254E1,8.986071181E-1,-8.849889529E-1,5.020238096E-1,1.357471217E0
1.981259354E1,7.555339372E-1,-7.764880192E-1,4.842359948E-1,1.186696959E0
1.982254354E1,7.037381315E-1,-6.432663734E-1,4.683374155E-1,1.062251816E0
1.983249354E1,7.580605191E-1,-4.343355641E-1,2.985904062E-1,9.232872595E-1
1.984244354E1,8.455448055E-1,-3.025880013E-1,2.346247905E-1,9.281994985E-1
1.985239354E1,8.937439889E-1,-3.476643330E-1,2.237542319E-1,9.847409621E-1
1.986234454E1,8.250590855E-1,-4.566269043E-1,3.259150296E-1,9.977230231E-1
1.987229454E1,7.590907985E-1,-5.941224262E-1,5.776715773E-1,1.123790349E0
1.988224454E1,7.710793447E-1,-6.264028573E-1,8.400659645E-1,1.301020646E0
1.989219454E1,9.009302169E-1,-5.756015168E-1,8.645745689E-1,1.374947834E0
1.990214454E1,1.100941830E0,-4.875221300E-1,5.310318464E-1,1.315958039E0
1.991209554E1,1.174062431E0,-4.501221693E-1,-4.152751029E-2,1.258076744E0
1.992204554E1,1.211937186E0,-4.246588607E-1,-6.227115101E-1,1.427198835E0
1.993199554E1,1.223619338E0,-5.063686928E-1,-8.867249912E-1,1.593717273E0
1.994194554E1,1.238371278E0,-4.534778132E-1,-7.096315402E-1,1.497592225E0
1.995189554E1,1.222441124E0,-4.849512920E-1,-3.530671602E-1,1.361688832E0
1.996184654E1,1.373820859E0,-5.158364678E-1,3.809694886E-2,1.467965392E0
1.997179654E1,2.052182660E0,-5.520286862E-1,2.548538178E-1,2.140359738E0
1.998174654E1,3.081306063E0,-2.678411781E-1,4.537316555E-1,3.126029169E0
1.999169654E1,4.113761795E0,-1.568248637E-1,5.938619328E-1,4.159363189E0
2.000164654E1,4.797375564E0,-3.521965098E-1,7.913995886E-1,4.874953127E0
2.001159754E1,4.953905527E0,-7.489341118E-1,9.602385253E-1,5.101386116E0
2.002154754E1,4.748438462E0,-1.363566012E0,1.179737738E0,5.079248097E0
2.003149754E1,4.290632467E0,-1.959354164E0,1.411240116E0,4.923433189E0
2.004144754E1,3.710435477E0,-2.297759870E0,1.518353505E0,4.620868881E0
2.005139854E1,3.176137961E0,-2.400181161E0,1.303068673E0,4.188879315E0
2.006134854E1,2.741122073E0,-1.949211438E0,1.018435863E-1,3.365047929E0
2.007129854E1,2.653764671E0,-1.462912545E0,-1.800256835E0,3.524699238E0
2.008124854E1,2.704992127E0,-1.339688030E0,-3.193383154E0,4.394251062E0
2.009119854E1,2.581703001E0,-7.305557283E-1,-3.787409978E0,4.641484288E0
2.010114954E1,2.205352812E0,-4.534051250E-1,-4.075039194E0,4.655652657E0
2.011109954E1,1.715336845E0,-5.577140801E-1,-4.029331509E0,4.414627719E0
2.012104954E1,9.823795921E-1,-3.839495952E-1,-3.716947521E0,3.863701053E0
2.013099954E1,4.471652323E-1,-2.737823512E-1,-3.069782370E0,3.114237840E0
2.014094954E1,7.150910854E-2,-4.383426610E-1,-2.430989263E0,2.471227759E0
2.015090054E1,-1.104509801E-1,-5.670069869E-1,-1.912155293E0,1.997506998E0
2.016085054E1,-3.990666211E-2,-8.550269428E-1,-1.688450178E0,1.893020765E0
2.017080054E1,2.808476150E-2,-1.087082759E0,-1.781227949E0,2.086938112E0
2.018075054E1,3.099492073E-2,-1.414641149E0,-2.236857026E0,2.646828218E0
2.019070054E1,-9.961725891E-2,-1.493042809E0,-2.953970663E0,3.311350647E0
2.020065154E1,-4.810135943E-1,-1.274980111E0,-3.507855182E0,3.763242796E0
2.021060154E1,-8.510809493E-1,-1.175686349E0,-3.588702294E0,3.871093041E0
2.022055154E1,-1.170165262E0,-9.514935757E-1,-3.579720386E0,3.884459397E0
2.023050154E1,-1.378526114E0,-7.344175950E-1,-3.512463958E0,3.844100220E0
2.024045154E1,-1.409691188E0,-6.856635109E-1,-3.424907750E0,3.766610784E0
2.025040254E1,-1.291651107E0,-8.437248597E-1,-3.367126735E0,3.703751702E0
2.026035254E1,-1.142155344E0,-1.171868994E0,-3.350300202E0,3.728579785E0
2.027030254E1,-1.084814039E0,-1.543834502E0,-3.225313629E0,3.736695662E0
2.028025254E1,-1.211553608E0,-1.736991570E0,-3.010068265E0,3.680422913E0
2.029020354E1,-1.461715620E0,-1.765489729E0,-2.851871846E0,3.658789357E0
2.030015354E1,-1.711412778E0,-1.728662503E0,-2.812544643E0,3.718550136E0
2.031010354E1,-1.797706572E0,-1.623466708E0,-2.931127346E0,3.802486106E0
2.032005354E1,-1.657665172E0,-1.410972898E0,-2.964224925E0,3.677679669E0
2.033000354E1,-1.460205284E0,-1.315288915E0,-3.229198519E0,3.780199396E0
2.033995454E1,-1.303609833E0,-1.369999704E0,-3.432552985E0,3.919020002E0
2.034990454E1,-1.248426150E0,-1.368075970E0,-3.516744704E0,3.974631181E0
2.035985454E1,-1.186471392E0,-1.644195819E0,-3.575904493E0,4.110740468E0
2.036980454E1,-1.257104003E0,-1.702154882E0,-3.381150112E0,3.988711295E0
2.037975554E1,-1.468719415E0,-1.729441791E0,-3.073504708E0,3.820279678E0
2.038970554E1,-1.571751448E0,-1.880981886E0,-2.806726663E0,3.726420539E0
2.039965554E1,-1.397720768E0,-1.638788460E0,-2.522150863E0,3.316699555E0
2.040960554E1,-9.478605545E-1,-1.195777163E0,-2.434588809E0,2.873246478E0
2.041955554E1,-3.080459386E-1,-1.235992631E0,-2.943605304E0,3.207394935E0
2.042950654E1,2.232344145E-1,-1.091699867E0,-3.340603180E0,3.521543952E0
2.043945654E1,4.640145689E-1,-1.075334095E0,-3.811567165E0,3.987442437E0
2.044940654E1,4.745611918E-1,-1.140668544E0,-3.997466522E0,4.184025771E0
2.045935654E1,3.716811866E-1,-1.091332662E0,-3.834862764E0,4.004413353E0
2.046930754E1,3.822330719E-1,-8.930844229E-1,-3.436165102E0,3.570844791E0
2.047925754E1,4.830197740E-1,-7.357285407E-1,-2.975211259E0,3.102657993E0
2.048920754E1,9.812323684E-1,-5.866561165E-1,-2.707182202E0,2.938676204E0
2.049915754E1,1.624108002E0,-4.642219989E-1,-3.083255232E0,3.515635318E0
2.050910754E1,2.019278623E0,-6.318504889E-1,-4.020138516E0,4.542932411E0
2.051905854E1,2.211229849E0,-1.011202930E0,-5.047750999E0,5.602843828E0
2.052900854E1,2.154012505E0,-1.521550763E0,-5.333113250E0,5.949536413E0
2.053895854E1,2.130217261E0,-1.876008829E0,-4.363525611E0,5.205534599E0
2.054890854E1,2.295535589E0,-2.298692062E0,-2.887685457E0,4.346515401E0
2.055885954E1,2.857286952E0,-2.481560077E0,-1.250924665E0,3.985855198E0
2.056880954E1,3.583201234E0,-2.310652688E0,-3.257279187E-1,4.276043218E0
2.057875954E1,4.160564078E0,-1.854326330E0,-5.193409234E-1,4.584597538E0
2.058870954E1,4.761259652E0,-1.625358867E0,-1.195957915E0,5.171237787E0
2.059866054E1,5.566868559E0,-1.616464521E0,-1.866703717E0,6.089956147E0
2.060861054E1,6.262863808E0,-1.616872949E0,-1.995590383E0,6.769056225E0
2.061856054E1,6.911972573E0,-1.680798658E0,-1.501257416E0,7.270090976E0
2.062851054E1,7.425187368E0,-1.480985412E0,-1.132623214E0,7.655688120E0
2.063846054E1,7.332202606E0,-1.660993992E0,-1.302282515E0,7.629943371E0
2.064841154E1,6.887385031E0,-2.035729764E0,-1.218695397E0,7.284606146E0
2.065836154E1,6.424147557E0,-2.678943659E0,-1.177487145E0,7.059241244E0
2.066831154E1,5.904559881E0,-2.941017911E0,-2.668505502E-1,6.601865112E0
2.067826154E1,5.237013676E0,-2.832922774E0,1.318969299E0,6.098478801E0
2.068821254E1,4.490361659E0,-2.822849776E0,2.337953045E0,5.796365510E0
2.069816254E1,3.669832119E0,-2.640727719E0,3.080828345E0,5.471070641E0
2.070811254E1,2.925359652E0,-2.403053021E0,3.590265840E0,5.217509148E0
2.071806254E1,2.461409110E0,-2.014604651E0,3.641254145E0,4.834862817E0
2.072801254E1,1.962027804E0,-1.642445455E0,3.140767568E0,4.051123436E0
2.073796354E1,1.445760469E0,-1.447088810E0,2.641541067E0,3.340962222E0
2.074791354E1,1.091884639E0,-1.245243511E0,2.279708346E0,2.817785231E0
2.075786354E1,7.307076828E-1,-1.175415769E0,1.882573645E0,2.336582863E0
2.076781354E1,3.939393438E-1,-1.112900555E0,1.726675181E0,2.091684257E0
2.077776454E1,1.809936900E-1,-1.193302694E0,1.669736164E0,2.060278839E0
2.078771454E1,2.812628404E-1,-1.266854820E0,2.056719514E0,2.431897424E0
2.079766454E1,5.525447030E-1,-1.197838964E0,2.638076007E0,2.949503153E0
2.080761454E1,9.344764971E-1,-1.096923623E0,2.855201835E0,3.198228459E0
2.081756554E1,1.171568301E0,-9.543848777E-1,2.945322631E0,3.310339587E0
2.082751554E1,1.040834572E0,-8.527754724E-1,3.010136093E0,3.297193035E0
2.083746554E1,6.918081305E-1,-6.590525401E-1,2.719790261E0,2.882743104E0
2.084741554E1,5.164717678E-1,-5.513368875E-1,1.936581452E0,2.078716712E0
2.085736654E1,5.003281901E-1,-4.576405191E-1,1.311648585E0,1.476545005E0
2.086731654E1,5.376363496E-1,-3.228908497E-1,1.018355756E0,1.195976501E0
2.087726654E1,5.506919396E-1,-3.759853220E-1,7.042433310E-1,9.698377410E-1
2.088721654E1,4.813152375E-1,-3.581068754E-1,7.004303616E-1,9.222296805E-1
2.089716654E1,4.273213904E-1,-5.248630339E-1,9.430272460E-1,1.160769211E0
2.090711754E1,3.617090526E-1,-5.972574109E-1,1.145963636E0,1.341932379E0
2.091706754E1,2.232308330E-1,-6.280903637E-1,1.327074709E0,1.485078043E0
2.092701754E1,-3.713566661E-3,-5.109279495E-1,1.536068230E0,1.618816471E0
2.093696754E1,-1.724221104E-1,-5.181515998E-1,1.448409111E0,1.547933919E0
2.094691854E1,-1.912497794E-1,-4.248499185E-1,1.159794055E0,1.249878467E0
2.095686854E1,-3.532405302E-2,-3.347045642E-1,9.266380852E-1,9.858666619E-1
2.096681854E1,9.501169950E-2,-2.526786536E-1,5.943145072E-1,6.527506864E-1
2.097676854E1,1.709236152E-1,-2.127661443E-1,1.240609592E-1,2.997923215E-1
2.098671954E1,3.309037279E-1,-2.039117056E-1,-4.724439150E-1,6.117846955E-1
2.099666954E1,4.560150663E-1,-3.268067300E-2,-6.055054933E-1,7.587190979E-1
2.100661954E1,5.405106946E-1,-9.011144042E-2,-3.642335880E-1,6.579802347E-1
2.101656954E1,5.139321028E-1,-2.008805090E-1,1.033203006E-1,5.613860255E-1
2.102652054E1,3.438860084E-1,-1.540402186E-1,7.151945812E-1,8.083868286E-1
2.103647054E1,2.306092152E-1,-1.714660907E-1,1.038263186E0,1.077298322E0
2.104642054E1,6.130125873E-2,-1.405033296E-1,8.211268330E-1,8.353132980E-1
2.105637054E1,-7.565361500E-2,-9.907229841E-2,3.412318110E-1,3.632876803E-1
2.106632054E1,-6.424869396E-2,-3.399395764E-2,-8.785733879E-2,1.140280483E-1
2.107627154E1,6.154779196E-3,4.432774186E-3,-3.528689396E-1,3.529504489E-1
2.108622154E1,3.459658630E-2,8.219197154E-2,-5.300951225E-1,5.375437497E-1
2.109617154E1,7.797700614E-2,1.502632096E-1,-6.100394243E-1,6.330936304E-1
2.110612154E1,1.152978833E-1,1.938401690E-1,-6.393965399E-1,6.780085164E-1
2.111607254E1,7.683387548E-2,1.948546609E-1,-6.975821829E-1,7.283492879E-1
2.112602254E1,-1.662553445E-2,1.398607206E-1,-7.045163959E-1,7.184572233E-1
2.113597254E1,-3.924541511E-2,1.210630918E-1,-5.263780475E-1,5.415443875E-1
2.114592254E1,-7.224856205E-2,2.578329742E-2,-3.547517431E-1,3.629510055E-1
2.115587354E1,-1.094943756E-1,-3.986631632E-2,-2.028434193E-1,2.339311741E-1
2.116582354E1,-1.321679775E-1,-2.493048102E-2,-4.498906195E-2,1.418235483E-1
2.117577354E1,-1.381834468E-1,-6.471055090E-2,-4.894294918E-2,1.602421064E-1
2.118572354E1,-1.238411039E-1,-3.633927584E-2,-3.495114684E-2,1.337114230E-1
2.119567454E1,-4.312686995E-2,-7.730019093E-2,-4.224204004E-2,9.807974498E-2
2.120562454E1,1.142195106E-1,-7.522062868E-2,-9.646677911E-2,1.673621195E-1
2.121557454E1,3.441239901E-1,-5.952962548E-2,-2.524593830E-1,4.309301996E-1
2.122552454E1,4.886768089E-1,-5.224838018E-2,-3.197187352E-1,5.863062224E-1
2.123547554E1,4.315031728E-1,-1.418209997E-1,-1.835201257E-1,4.898855179E-1
2.124542554E1,1.194733800E-1,-1.377571848E-1,1.943380594E-2,1.833810331E-1
2.125537554E1,-1.055189998E-1,-1.866077480E-1,1.000294876E-1,2.365641759E-1
2.126532554E1,-1.582798885E-1,-2.011459726E-1,1.190849787E-1,2.823002968E-1
2.127527654E1,-1.217165181E-1,-1.976759425E-1,1.921441841E-1,3.013471030E-1
2.128522629E1,-5.830594942E-2,-1.481184509E-1,2.252704149E-1,2.758358554E-1
2.129517629E1,3.156473190E-3,-1.203652266E-1,1.193089271E-1,1.695062570E-1
2.130512629E1,2.650776744E-2,-1.084690663E-1,9.797302186E-2,1.485493625E-1
2.131507629E1,6.180463091E-2,-4.347317129E-2,1.033191311E-1,1.280022339E-1
2.132502729E1,1.045678040E-1,-1.977177501E-2,-4.445170283E-2,1.153312734E-1
2.133497729E1,7.187119737E-2,-5.532927811E-3,-1.610545385E-1,1.764501252E-1
2.134492729E1,-8.673350394E-2,2.672089845E-2,-4.410537225E-1,4.502944517E-1
2.135487829E1,-2.381711268E-1,1.988053322E-5,-6.215917683E-1,6.656589310E-1
2.136482829E1,-3.779087636E-1,-2.020037591E-2,-6.161702299E-1,7.231105317E-1
2.137477829E1,-4.291315421E-1,-9.299002469E-2,-4.248423171E-1,6.109762840E-1
2.138472829E1,-4.089982630E-1,-1.462178135E-1,-1.240954578E-1,4.517288023E-1
2.139467829E1,-3.128761773E-1,-1.855564186E-1,1.658901858E-1,3.998027521E-1
2.140462929E1,-2.007319897E-1,-2.042505518E-1,3.183423007E-1,4.281978982E-1
2.141457929E1,-1.395730376E-3,-1.457263550E-1,4.016779876E-1,4.272976999E-1
2.142452929E1,3.261772773E-1,-1.120028311E-1,1.897164202E-1,3.936096676E-1
2.143447929E1,6.033633658E-1,-4.692741394E-2,-1.833119649E-1,6.323391573E-1
2.144443029E1,6.810605827E-1,-3.506107450E-2,-5.362154031E-1,8.675250744E-1
2.145438029E1,6.087844656E-1,-9.920181423E-2,-5.282012093E-1,8.120689891E-1
2.146433029E1,4.786090730E-1,-1.683679435E-1,-2.350200623E-1,5.591501040E-1
2.147428029E1,3.516030174E-1,-2.360939035E-1,2.039935666E-1,4.700833845E-1
2.148423129E1,2.271817236E-1,-2.923768625E-1,5.051181561E-1,6.262907606E-1
2.149418129E1,1.896420144E-1,-2.797459996E-1,8.485210383E-1,9.133509021E-1
2.150413129E1,2.438527201E-1,-2.189826116E-1,9.677773404E-1,1.021768327E0
2.151408129E1,3.616776238E-1,-1.521255478E-1,7.675733542E-1,8.620450916E-1
2.152403229E1,3.181130898E-1,-4.322437227E-2,3.269090563E-1,4.581853504E-1
2.153398229E1,1.902148953E-1,1.793516457E-2,-1.936001408E-1,2.720007188E-1
2.154393229E1,1.182273383E-1,1.350537246E-1,-4.331699216E-1,4.688852664E-1
2.155388229E1,7.216107309E-2,1.415599215E-1,-5.118360221E-1,5.359314745E-1
2.156383329E1,-2.187633410E-2,1.143031257E-1,-5.156998622E-1,5.286682575E-1
2.157378329E1,-1.035674916E-1,9.643228054E-2,-2.448229194E-1,2.827784856E-1
2.158373329E1,-9.386316016E-2,9.168726504E-3,-1.304309160E-1,1.609552181E-1
2.159368329E1,-2.559691742E-2,-8.765560985E-3,-2.081176078E-1,2.098689494E-1
2.160363429E1,3.132090300E-2,-2.876976281E-2,-3.505668908E-1,3.531371450E-1
2.161358429E1,2.465960875E-2,-6.540227652E-2,-5.010268593E-1,5.058789063E-1
2.162353429E1,-5.813301802E-3,-5.870896876E-3,-3.700790495E-1,3.701712641E-1
2.163348429E1,-3.216392532E-2,-6.379195333E-2,-1.132979894E-1,1.339416507E-1
2.164343529E1,-5.156542540E-2,-1.335851964E-1,1.937129921E-1,2.408915131E-1
2.165338529E1,5.272726715E-4,-2.427752244E-1,4.739793938E-1,5.325378422E-1
2.166333529E1,1.358097696E-1,-2.765814865E-1,6.805264395E-1,7.470326948E-1
2.167328629E1,3.104529449E-1,-3.361751390E-1,8.050773954E-1,9.260369149E-1
2.168323629E1,5.206286265E-1,-3.780280468E-1,7.448744631E-1,9.842750310E-1
2.169318629E1,6.694431885E-1,-3.295265624E-1,6.304929847E-1,9.768640343E-1
2.170313629E1,7.543074837E-1,-2.997022542E-1,6.904257756E-1,1.065593249E0
2.171308729E1,7.611437559E-1,-3.188150480E-1,7.943272895E-1,1.145398924E0
2.172303729E1,5.428540394E-1,-2.888580081E-1,9.029206091E-1,1.092426237E0
2.173298729E1,2.153323410E-1,-2.490563035E-1,9.120522058E-1,9.696578188E-1
2.174293729E1,-3.369048715E-2,-2.079559323E-1,9.607220900E-1,9.835485006E-1
2.175288829E1,-2.128034203E-1,-1.594336903E-1,8.645745689E-1,9.045405366E-1
2.176283829E1,-2.619529223E-1,-2.208440727E-1,5.963657105E-1,6.877815777E-1
2.177278829E1,-1.958593588E-1,-1.981498593E-1,5.672641182E-1,6.319911668E-1
2.178273829E1,-6.338264823E-2,-1.933685911E-1,6.159474510E-1,6.486910162E-1
2.179268929E1,7.010811567E-2,-2.625844216E-1,5.935917914E-1,6.528529246E-1
2.180263929E1,1.723218307E-1,-3.777079117E-1,6.356168997E-1,7.591883318E-1
2.181258929E1,1.555732124E-1,-4.446851358E-1,9.158026099E-1,1.029874902E0
2.182253929E1,9.727106363E-2,-5.419944987E-1,1.218712939E0,1.337340990E0
2.183249029E1,1.721259490E-2,-7.309452260E-1,1.292645134E0,1.485095498E0
2.184244029E1,-4.849476010E-2,-7.813292214E-1,1.557212931E0,1.742911130E0
2.185239029E1,-6.928687423E-2,-9.175933197E-1,1.773333038E0,1.997870926E0
2.186234029E1,-1.271079433E-1,-1.146471467E0,1.863107094E0,2.191283025E0
2.187229129E1,-2.532972890E-1,-1.072700655E0,2.332201724E0,2.579536992E0
2.188224129E1,-4.594534484E-1,-1.158729570E0,2.726826215E0,2.998221622E0
2.189219129E1,-5.714314288E-1,-1.245736431E0,3.039265167E0,3.333995484E0
2.190214129E1,-3.685771921E-1,-1.245461027E0,3.289893202E0,3.537007153E0
2.191209229E1,3.491664827E-1,-1.026055077E0,3.149245446E0,3.330533461E0
2.192204229E1,1.001522499E0,-7.666290289E-1,2.567096071E0,2.860200976E0
2.193199229E1,1.176500720E0,-6.024172863E-1,2.154911807E0,2.527984459E0
2.194194229E1,8.560598534E-1,-6.264113358E-1,1.763547138E0,2.057991288E0
2.195189329E1,5.302898347E-1,-7.884848978E-1,1.558800450E0,1.825588833E0
2.196184329E1,3.946051955E-1,-1.099232104E0,1.589241639E0,1.972235652E0
2.197179329E1,6.107679874E-1,-1.256733289E0,1.791210315E0,2.271750534E0
2.198174329E1,1.633362390E0,-1.201437487E0,1.712149528E0,2.653823795E0
2.199169429E1,3.181250181E0,-6.687921741E-1,1.266837863E0,3.488912991E0
2.200164429E1,4.606130097E0,-1.861298112E-1,6.404203874E-1,4.654161262E0
2.201159429E1,5.439998013E0,-1.192347405E-1,2.308170837E-1,5.446197924E0
2.202154529E1,5.598876218E0,-4.663887943E-1,2.632662070E-1,5.624432638E0
2.203149529E1,5.246711867E0,-1.146498510E0,7.450060254E-1,5.421944138E0
2.204144529E1,4.617030476E0,-1.860791012E0,1.452628462E0,5.185522448E0
2.205139529E1,3.821065382E0,-2.636320380E0,1.723790749E0,4.951987515E0
2.206134629E1,3.324618647E0,-3.236586768E0,1.718811845E0,4.948019524E0
2.207129629E1,3.110570793E0,-3.219375197E0,9.520775664E-1,4.576732350E0
2.208124629E1,3.072438760E0,-2.389923390E0,-9.873848087E-1,4.015786661E0
2.209119629E1,3.252386237E0,-1.871186631E0,-3.207554466E0,4.936371268E0
2.210114729E1,3.320125646E0,-1.332250810E0,-4.621416473E0,5.844280686E0
2.211109729E1,3.358505015E0,-9.753935581E-1,-4.599932925E0,5.778436765E0
2.212104729E1,3.165491350E0,-6.524239171E-1,-3.684691063E0,4.901320301E0
2.213099729E1,2.730845007E0,-6.203447033E-1,-2.858455811E0,4.001638617E0
2.214094829E1,2.206440979E0,-7.629851172E-1,-2.335663276E0,3.302400797E0
2.215089829E1,1.733307093E0,-7.569416544E-1,-1.755499030E0,2.580521457E0
2.216084829E1,1.414506370E0,-6.290333734E-1,-1.661722555E0,2.271086328E0
2.217079929E1,1.252522125E0,-5.256674646E-1,-1.991521890E0,2.410663269E0
2.218074929E1,1.150605741E0,-6.009244922E-1,-2.223678571E0,2.574830131E0
2.219069929E1,1.118899214E0,-1.048674154E0,-2.248614607E0,2.721749544E0
2.220064929E1,1.007809133E0,-1.151144635E0,-2.549821642E0,2.973617935E0
2.221060029E1,7.567355400E-1,-1.251061490E0,-2.545913948E0,2.935895325E0
2.222055029E1,4.424845362E-1,-1.189797727E0,-2.707273711E0,2.990107380E0
2.223050029E1,-9.112827122E-2,-6.237286332E-1,-2.866203371E0,2.934699905E0
2.224045029E1,-1.276897413E-1,-1.043269572E0,-3.014257795E0,3.192250950E0
2.225040129E1,-4.523458654E-1,-1.095764559E0,-3.374776647E0,3.576930831E0
2.226035129E1,-4.668703490E-1,-7.935572112E-1,-2.619309953E0,2.776415963E0
2.227030129E1,-4.908509499E-1,-1.287763732E0,-2.623867273E0,2.963772857E0
2.228025129E1,-6.972325194E-1,-1.330611397E0,-2.220812120E0,2.681168840E0
2.229020200E1,-9.749629837E-1,-1.306451287E0,-2.137263740E0,2.687985134E0
2.230015200E1,-1.176137608E0,-1.249884446E0,-2.219264508E0,2.805467119E0
2.231010200E1,-1.132293431E0,-1.030278521E0,-2.088399875E0,2.589396895E0
2.232005300E1,-6.309619313E-1,-8.109145246E-1,-1.950016599E0,2.204146107E0
2.233000300E1,4.783841014E-2,-6.445781963E-1,-2.185086948E0,2.278678243E0
2.233995300E1,5.599936903E-1,-7.860359377E-1,-2.614776022E0,2.787202733E0
2.234990300E1,8.723057574E-1,-1.005928668E0,-3.367750633E0,3.621402235E0
2.235985400E1,6.677882802E-1,-1.247818040E0,-3.924918071E0,4.172286293E0
2.236980400E1,1.368178296E-1,-1.145626398E0,-3.742693981E0,3.916495525E0
2.237975400E1,-5.187871921E-1,-1.234449112E0,-3.092457873E0,3.369911046E0
2.238970400E1,-1.111125340E0,-1.107546114E0,-2.315003309E0,2.796515374E0
2.239965500E1,-1.500603113E0,-8.963265578E-1,-1.783844578E0,2.497461206E0
2.240960500E1,-1.603366758E0,-8.673106273E-1,-1.531086840E0,2.380596480E0
2.241955500E1,-1.406348335E0,-8.541529302E-1,-1.484101539E0,2.215840754E0
2.242950500E1,-9.507403082E-1,-8.643598299E-1,-1.293647931E0,1.823334862E0
2.243945600E1,-5.392805135E-1,-8.691712113E-1,-1.298199989E0,1.652756872E0
2.244940600E1,-2.586989468E-1,-8.706641516E-1,-1.432603503E0,1.696270617E0
2.245935600E1,-1.921149480E-1,-8.887316094E-1,-1.596919618E0,1.837635517E0
2.246930700E1,-3.806227487E-1,-8.261817509E-1,-1.493927931E0,1.749077078E0
2.247925700E1,-7.203939253E-1,-7.048501258E-1,-1.350053682E0,1.684762906E0
2.248920700E1,-1.034271292E0,-6.076125374E-1,-1.207905530E0,1.702335417E0
2.249915700E1,-1.179091621E0,-6.662234192E-1,-1.260274948E0,1.849973956E0
2.250910800E1,-1.105548851E0,-7.750209528E-1,-1.397906125E0,1.943460129E0
2.251905800E1,-9.248102456E-1,-9.147460911E-1,-1.778701952E0,2.203591395E0
2.252900800E1,-8.372943842E-1,-1.099582352E0,-2.100505219E0,2.514411544E0
2.253895900E1,-8.841522163E-1,-1.227622488E0,-2.396204762E0,2.833827690E0
2.254890900E1,-1.056155081E0,-1.393193854E0,-2.497721196E0,3.048780715E0
2.255885900E1,-1.064903685E0,-1.521772957E0,-2.416358360E0,3.047720544E0
2.256880900E1,-8.337193966E-1,-1.420932168E0,-2.522853699E0,3.013125793E0
2.257876000E1,-5.007339138E-1,-1.285171369E0,-3.141676226E0,3.431111978E0
2.258871000E1,-4.332143605E-2,-1.095112813E0,-3.906579741E0,4.057402383E0
2.259866000E1,5.188047338E-1,-1.068304938E0,-4.726830661E0,4.873742083E0
2.260861000E1,9.700554156E-1,-1.299274999E0,-5.517866553E0,5.751171562E0
2.261856100E1,8.414552629E-1,-1.716881825E0,-5.791875265E0,6.099307276E0
2.262851100E1,2.698934412E-1,-1.552103926E0,-4.930190974E0,5.175775508E0
2.263846100E1,1.369961697E-1,-1.317522113E0,-3.788751622E0,4.013635673E0
2.264841200E1,7.364673364E-1,-1.499654987E0,-2.542367027E0,3.042199749E0
2.265836200E1,2.264443020E0,-1.562446774E0,-1.706585902E0,3.237495568E0
2.266831200E1,3.296068447E0,-1.529434710E0,-1.667833773E0,3.998112959E0
2.267826200E1,4.072330763E0,-1.774152672E0,-1.943791654E0,4.848692766E0
2.268821300E1,4.418711048E0,-2.163669181E0,-2.312643372E0,5.436431828E0
2.269816300E1,4.091610788E0,-2.050168878E0,-2.035410506E0,5.008729100E0
2.270811300E1,3.388548594E0,-1.764987015E0,-1.572162507E0,4.131481052E0
2.271806300E1,2.924483154E0,-1.817127514E0,-1.301565646E0,3.680845997E0
2.272801400E1,2.673230052E0,-1.989967700E0,-1.247733840E0,3.558506722E0
2.273796400E1,3.042706838E0,-2.139869698E0,-1.201225671E0,3.908970496E0
2.274791400E1,4.078204876E0,-2.541304588E0,-1.506571950E0,5.035845814E0
2.275786500E1,4.991580307E0,-2.450415175E0,-1.524044600E0,5.765684732E0
2.276781500E1,5.458759974E0,-2.255784170E0,-1.028292514E0,5.995332198E0
2.277776500E1,5.670980573E0,-2.304473789E0,-5.361920142E-1,6.144763785E0
2.278771500E1,5.681181040E0,-2.214765075E0,2.484060931E-1,6.102680390E0
2.279766600E1,5.471005213E0,-2.150812324E0,8.988328207E-1,5.946914505E0
2.280761600E1,5.178760205E0,-2.058914851E0,1.105220237E0,5.681566632E0
2.281756600E1,5.176193277E0,-1.995133131E0,1.088857974E0,5.653241967E0
2.282751700E1,5.135572670E0,-2.075223905E0,8.674461365E-1,5.606525101E0
2.283746700E1,4.730808814E0,-2.560438432E0,5.617963868E-1,5.408512936E0
2.284741700E1,4.078197860E0,-2.760971908E0,8.363214076E-1,4.995407607E0
2.285736700E1,3.260781085E0,-2.689031568E0,1.168059679E0,4.384968354E0
2.286731800E1,2.612662253E0,-2.738945155E0,1.629346522E0,4.120994382E0
2.287726800E1,2.325085370E0,-2.509909717E0,1.683790532E0,3.813242626E0
2.288721800E1,1.761949094E0,-2.432006094E0,2.394334238E0,3.840827345E0
2.289716900E1,1.295433963E0,-1.947054985E0,2.736742508E0,3.599851639E0
2.290711900E1,1.016108671E0,-1.854422225E0,2.478441172E0,3.257917934E0
2.291706900E1,9.586077368E-1,-1.753691948E0,2.057124726E0,2.868122449E0
2.292701900E1,1.074122990E0,-1.551104345E0,1.784159743E0,2.596707699E0
2.293697000E1,1.254681209E0,-1.258098029E0,1.792139438E0,2.523648025E0
2.294692000E1,1.400482701E0,-1.126068777E0,1.825092591E0,2.561317171E0
2.295687000E1,1.519843668E0,-1.153790134E0,2.008467706E0,2.770396898E0
2.296682100E1,1.258821330E0,-1.105021140E0,2.151035687E0,2.726290041E0
2.297677100E1,8.528465161E-1,-1.207709064E0,2.290542067E0,2.726259585E0
2.298672100E1,6.153074732E-1,-1.203195306E0,2.434509287E0,2.784442080E0
2.299667100E1,3.032292947E-1,-9.995505255E-1,2.404662759E0,2.621726958E0
2.300662200E1,1.273957725E-1,-9.214165217E-1,2.015073890E0,2.219405522E0
2.301657200E1,8.448583424E-2,-8.897538489E-1,1.600780535E0,1.833384326E0
2.302652200E1,-1.543635696E-2,-8.535204077E-1,1.454874963E0,1.686830319E0
2.303647300E1,-1.308272110E-1,-6.796247989E-1,1.452805048E0,1.609238371E0
2.304642300E1,-1.559930424E-1,-4.820356876E-1,1.519431732E0,1.601675691E0
2.305637300E1,-1.039208096E-1,-3.413762373E-1,1.625401990E0,1.664112046E0
2.306632300E1,-7.225214347E-2,-2.478424215E-1,1.550204458E0,1.571553404E0
2.307627400E1,-9.719168767E-2,-1.786318535E-1,1.534188350E0,1.547607656E0
2.308622400E1,-2.553099006E-1,-7.321006358E-2,1.275591729E0,1.302949392E0
2.309617400E1,-4.089102624E-1,-7.140093505E-2,6.986861372E-1,8.126918325E-1
2.310612500E1,-4.110860114E-1,-9.639544308E-2,4.055020666E-1,5.854192653E-1
2.311607500E1,-5.070936379E-1,-7.202073991E-2,5.197742021E-1,7.297233488E-1
2.312602500E1,-6.439480126E-1,-1.453530103E-1,4.870783263E-1,8.203912704E-1
2.313597500E1,-7.095045094E-1,-2.766791350E-1,3.170559132E-1,8.249075371E-1
2.314592600E1,-5.357834400E-1,-1.666696197E-1,4.154160208E-1,6.981497884E-1
2.315587600E1,-2.962388022E-1,-1.185242307E-1,5.964493257E-1,6.764297593E-1
2.316582600E1,-9.757351086E-2,-1.223424625E-1,7.124639314E-1,7.294471343E-1
2.317577700E1,-1.714695990E-4,-1.093721688E-1,8.574321949E-1,8.643797022E-1
2.318572700E1,-9.923923641E-2,-1.629484516E-1,8.000335872E-1,8.224684581E-1
2.319567700E1,-1.790288794E-1,-2.807926512E-1,5.279831082E-1,6.242291367E-1
2.320562800E1,-1.981343642E-1,-2.530581379E-1,3.744849265E-1,4.934922569E-1
2.321557800E1,-5.046059400E-2,-2.119644910E-1,4.036619478E-1,4.587136200E-1
2.322552800E1,1.918317966E-1,-1.985691047E-1,3.014543724E-1,4.087833976E-1
2.323547800E1,3.875958458E-1,-1.610972232E-1,3.531706560E-1,5.485547987E-1
2.324542900E1,3.952961902E-1,-1.562802869E-1,5.556509632E-1,6.995931668E-1
2.325537900E1,2.990809876E-1,-2.386032361E-1,5.688756108E-1,6.855657532E-1
2.326532900E1,1.065184352E-1,-2.747343510E-1,4.179180443E-1,5.113517698E-1
2.327528000E1,-8.147495672E-2,-2.182508326E-1,4.298674142E-1,4.889351576E-1
2.328523125E1,-1.980412473E-1,-1.906379414E-1,4.006219804E-1,4.858612266E-1
2.329518125E1,-3.093238476E-1,-8.307490110E-2,2.485014027E-1,4.053833113E-1
2.330513125E1,-4.237225753E-1,1.124711931E-2,-1.943906844E-2,4.243173292E-1
2.331508225E1,-4.171305706E-1,-8.134061694E-3,-4.214766598E-1,5.930486073E-1
2.332503225E1,-3.281289317E-1,-9.881794453E-3,-4.374962765E-1,5.469636529E-1
2.333498225E1,-1.365275154E-1,7.674236655E-2,-3.363078707E-1,3.709880553E-1
2.334493325E1,1.797934029E-1,1.035524350E-1,-5.439606249E-1,5.821872001E-1
2.335488325E1,3.494902723E-1,1.947233909E-1,-6.440146708E-1,7.581659091E-1
2.336483325E1,3.823090857E-1,1.693570000E-1,-5.201548558E-1,6.673852744E-1
2.337478325E1,2.737555271E-1,6.508477271E-2,-2.787250757E-1,3.960628537E-1
2.338473425E1,-6.175127506E-2,-3.927223921E-2,-1.012234890E-1,1.249068592E-1
2.339468425E1,-3.917825983E-1,-1.894410163E-1,3.075284600E-2,4.362651035E-1
2.340463425E1,-5.090373985E-1,-1.856374025E-1,2.730404127E-1,6.067383170E-1
2.341458525E1,-4.454014197E-1,-1.992953289E-1,4.624983859E-1,6.723137733E-1
2.342453525E1,-2.467210717E-1,-1.851298642E-1,6.738769859E-1,7.411170933E-1
2.343448525E1,-7.065336853E-2,-1.396554834E-1,5.475402904E-1,5.694698606E-1
2.344443625E1,1.439680973E-1,-1.124402028E-1,-1.493033892E-1,2.359260780E-1
2.345438625E1,4.334961963E-1,-5.837216914E-2,-4.978588378E-1,6.627138785E-1
2.346433625E1,6.217505202E-1,-1.227915287E-2,-4.634380335E-1,7.755638580E-1
2.347428625E1,6.681281497E-1,-6.300550282E-2,-2.950902629E-1,7.331051637E-1
2.348423725E1,5.737871258E-1,-1.417803615E-1,7.727095485E-3,5.910947848E-1
2.349418725E1,3.529807676E-1,-1.093908799E-1,3.641891491E-1,5.188405567E-1
2.350413725E1,1.655915393E-1,-1.701545602E-1,6.389170682E-1,6.816070366E-1
2.351408825E1,1.681059882E-2,-2.255276924E-1,6.512909460E-1,6.894383458E-1
2.352403825E1,-1.316240403E-1,-1.035120893E-1,3.516287452E-1,3.894642667E-1
2.353398825E1,-1.666577791E-1,-3.304553926E-2,-4.545508504E-2,1.758777636E-1
2.354393825E1,-1.722157037E-1,2.016997039E-2,-3.650393343E-1,4.041271977E-1
2.355388925E1,-2.312510933E-1,9.065757036E-2,-4.806785488E-1,5.410616698E-1
2.356383925E1,-2.526488328E-1,1.083834046E-1,-7.170235902E-1,7.679200636E-1
2.357378925E1,-2.371202360E-1,1.544430918E-1,-8.134710735E-1,8.612861675E-1
2.358374025E1,-1.628186435E-1,1.167484313E-1,-6.892580867E-1,7.177860523E-1
2.359369025E1,-4.552057385E-3,1.227149302E-1,-3.224891460E-1,3.450781427E-1
2.360364025E1,1.147628631E-1,8.214636326E-2,-1.063900888E-1,1.767410273E-1
2.361359125E1,1.941006625E-1,-9.320461750E-3,-1.263326025E-1,2.317797762E-1
2.362354125E1,2.002627507E-1,-4.466044843E-2,-8.275447369E-2,2.212420120E-1
2.363349125E1,1.110644992E-1,-1.264413607E-1,-1.052276623E-1,1.984832527E-1
2.364344125E1,-7.253207892E-2,-1.889206141E-1,-1.790709794E-2,2.031565039E-1
2.365339225E1,-2.366473424E-1,-2.094601285E-1,2.666043824E-1,4.134651217E-1
2.366334225E1,-2.027872860E-1,-1.952993417E-1,4.156785607E-1,5.020489838E-1
2.367329225E1,8.863545701E-2,-1.201696372E-1,2.563325787E-1,2.966536311E-1
2.368324325E1,4.354721166E-1,-6.993445337E-2,2.589147091E-3,4.410595150E-1
2.369319325E1,5.800075400E-1,-6.620451450E-2,-2.348931777E-1,6.292587617E-1
2.370314325E1,5.437454474E-1,-1.326856023E-1,-2.874818659E-1,6.292141160E-1
2.371309425E1,4.605141333E-1,-1.145066088E-1,-3.242105663E-2,4.756428863E-1
2.372304425E1,3.375863644E-1,-1.151252443E-1,2.367151701E-1,4.280799541E-1
2.373299425E1,2.240654500E-1,-1.216489828E-1,4.505887771E-1,5.177200468E-1
2.374294425E1,1.338163076E-1,-1.355086380E-1,6.883962071E-1,7.142539696E-1
2.375289525E1,-3.931638569E-2,-1.096639448E-1,6.683595532E-1,6.784367703E-1
2.376284525E1,-2.029387289E-1,-3.853841364E-2,4.723018277E-1,5.154981605E-1
2.377279525E1,-2.613560678E-1,2.068861842E-2,4.752616882E-3,2.622167052E-1
2.378274625E1,-2.790425795E-1,8.663000822E-2,-4.503022635E-1,5.367882711E-1
2.379269625E1,-2.512415542E-1,1.268144131E-1,-6.998204970E-1,7.542896937E-1
2.380264625E1,-2.336640930E-1,1.154421633E-1,-7.990945244E-1,8.405223735E-1
2.381259725E1,-2.519968683E-1,1.400051469E-1,-6.391451097E-1,7.011492951E-1
2.382254725E1,-2.349794242E-1,8.243170738E-2,-3.637722427E-1,4.408407430E-1
2.383249725E1,-2.071124715E-1,4.602109551E-2,1.578397393E-2,2.127502078E-1
2.384244725E1,-6.581772119E-2,7.092672586E-4,2.553221798E-1,2.636700419E-1
2.385239825E1,4.841099873E-2,-5.027845323E-2,1.472299665E-1,1.629362167E-1
2.386234825E1,1.038407028E-1,-4.417629898E-2,-5.932526529E-2,1.274908783E-1
2.387229825E1,1.181637499E-1,-5.259219646E-2,-2.592374754E-1,2.897113729E-1
2.388224925E1,1.195540716E-1,9.456701875E-3,-3.341958565E-1,3.550626363E-1
2.389219925E1,1.320912328E-1,-3.464650691E-2,-3.055439150E-1,3.346723147E-1
2.390214925E1,1.725470947E-1,-2.458169460E-2,7.922217071E-2,1.914495023E-1
2.391210025E1,2.210697752E-1,-8.810058296E-2,5.066647446E-1,5.597702401E-1
2.392205025E1,2.795830084E-1,-1.384895486E-1,7.459140980E-1,8.085380976E-1
2.393200025E1,3.836995536E-1,-1.338410121E-1,7.878819036E-1,8.865081263E-1
2.394195025E1,4.954508083E-1,-1.182324547E-1,6.417927289E-1,8.193584830E-1
2.395190125E1,4.830759072E-1,-4.162574351E-2,3.693499017E-1,6.095197983E-1
2.396185125E1,3.837537865E-1,-4.564336538E-3,1.795972288E-1,4.237251071E-1
2.397180125E1,2.006298096E-1,-3.315371275E-4,3.391560495E-2,2.034765311E-1
2.398175225E1,2.694513917E-2,2.969333053E-2,3.314260304E-2,5.202082793E-2
2.399170225E1,-9.224362761E-2,5.267054915E-2,2.176918387E-2,1.084295668E-1
2.400165225E1,-6.213660657E-2,7.297266662E-2,-3.870739818E-2,1.033645521E-1
2.401160325E1,-1.740716100E-3,7.748730183E-2,-1.585566080E-1,1.764865716E-1
2.402155325E1,6.677637219E-2,9.722106993E-2,-4.323115504E-1,4.481119245E-1
2.403150325E1,6.184673086E-2,1.046938115E-1,-5.391705859E-1,5.527121610E-1
2.404145325E1,3.502233669E-2,7.523203075E-2,-5.981549585E-1,6.038839101E-1
2.405140425E1,-6.663691610E-2,5.255711317E-2,-4.778987825E-1,4.853761171E-1
2.406135425E1,-1.728017409E-1,3.473421514E-2,-3.056941885E-1,3.528680267E-1
2.407130425E1,-2.232934713E-1,2.354322910E-2,-1.496793652E-1,2.698484210E-1
2.408125525E1,-2.012433288E-1,-2.069914341E-2,-1.228125787E-1,2.366648715E-1
2.409120525E1,-7.958835259E-2,-1.837429047E-2,-2.571038264E-1,2.697671180E-1
2.410115525E1,7.959390745E-2,-6.537947237E-2,-2.818825722E-1,3.001123956E-1
2.411110625E1,1.950384097E-1,-9.124755442E-2,-3.424690819E-1,4.045382176E-1
2.412105625E1,2.779972436E-1,-1.038956666E-1,-3.070285231E-1,4.270167338E-1
2.413100625E1,3.121281722E-1,-1.662129521E-1,-1.613609326E-1,3.887005170E-1
2.414095725E1,3.101047432E-1,-2.163270986E-1,7.686048031E-2,3.858366219E-1
2.415090725E1,2.310840091E-1,-2.703840226E-1,3.408985198E-1,4.926653425E-1
2.416085725E1,1.142908466E-1,-2.810967064E-1,5.168880165E-1,5.993754896E-1
2.417080725E1,6.501051307E-2,-3.359979683E-1,5.941747588E-1,6.856855296E-1
2.418075825E1,1.160724932E-1,-3.261553502E-1,5.967019254E-1,6.898574664E-1
2.419070825E1,2.279085325E-1,-3.135546005E-1,5.776505274E-1,6.956571845E-1
2.420065825E1,2.945624055E-1,-3.115004736E-1,6.292761791E-1,7.614381560E-1
2.421060925E1,2.016429859E-1,-3.369803005E-1,6.787389457E-1,7.841569825E-1
2.422055925E1,8.556932330E-2,-3.451599705E-1,7.341378057E-1,8.157302447E-1
2.423050925E1,-1.540185839E-2,-4.006406915E-1,7.688743597E-1,8.671320326E-1
2.424046025E1,-8.276499867E-2,-4.936962050E-1,8.754299247E-1,1.008446102E0
2.425041025E1,-1.040082255E-1,-5.753011161E-1,1.087800797E0,1.234949254E0
2.426036025E1,-1.325905851E-1,-6.750315186E-1,1.261661323E0,1.437023698E0
2.427031025E1,-2.224084952E-1,-7.366813445E-1,1.524066820E0,1.707320887E0
2.428026125E1,-2.748860863E-1,-8.015597105E-1,1.746118927E0,1.940873936E0
2.429021025E1,-2.743922889E-1,-7.990296203E-1,1.969349833E0,2.142913490E0
2.430016025E1,-2.432488489E-1,-9.317482594E-1,2.274060520E0,2.469549771E0
2.431011125E1,-2.412923706E-1,-1.130226440E0,2.653510317E0,2.894261705E0
2.432006125E1,-2.308214691E-1,-1.113604268E0,2.782623271E0,3.006058097E0
2.433001125E1,-2.378384203E-2,-1.060863844E0,2.361353602E0,2.588819925E0
2.433996225E1,1.540811491E-1,-1.002392272E0,1.888288128E0,2.143399945E0
2.434991225E1,1.526281160E-1,-8.738596550E-1,1.656325575E0,1.878920022E0
2.435986225E1,5.214020669E-2,-8.609147966E-1,1.622011775E0,1.837066979E0
2.436981325E1,-1.434450638E-1,-9.694832656E-1,1.775478966E0,2.028003907E0
2.437976325E1,-4.119550538E-1,-1.044638990E0,2.132308810E0,2.409920838E0
2.438971325E1,-3.152608180E-1,-1.181844783E0,2.273077018E0,2.581283712E0
2.439966325E1,3.331989062E-1,-1.173173946E0,2.100195317E0,2.428616682E0
2.440961425E1,1.090263060E0,-8.691032374E-1,1.900788891E0,2.357331624E0
2.441956425E1,1.669555485E0,-6.853413293E-1,1.567672430E0,2.390544939E0
2.442951425E1,1.917761019E0,-5.965091135E-1,1.376798261E0,2.434995667E0
2.443946525E1,1.942951409E0,-6.484870599E-1,1.322240816E0,2.438014852E0
2.444941525E1,1.823417948E0,-7.152606547E-1,1.399771387E0,2.407449014E0
2.445936525E1,1.836577107E0,-8.965965530E-1,1.439948775E0,2.500070664E0
2.446931625E1,2.218213179E0,-9.350237234E-1,1.351426023E0,2.760632421E0
2.447926625E1,2.850642176E0,-9.488618901E-1,1.058650088E0,3.185473232E0
2.448921625E1,3.551090664E0,-1.289746377E0,9.251657563E-1,3.889681516E0
2.449916725E1,3.954495335E0,-1.480794792E0,9.977437359E-1,4.338926034E0
2.450911725E1,4.077993792E0,-1.852716007E0,1.169177082E0,4.629207818E0
2.451906725E1,4.038837912E0,-2.325048240E0,1.254945211E0,4.826276876E0
2.452901725E1,3.849715569E0,-2.426438960E0,7.938361233E-1,4.619317242E0
2.453896825E1,3.786052254E0,-2.225834586E0,-7.152659172E-1,4.449734442E0
2.454891825E1,3.812427875E0,-1.714685465E0,-2.218744106E0,4.732607944E0
2.455886825E1,4.023508267E0,-1.368982581E0,-3.062067262E0,5.238223744E0
2.456881925E1,4.091168738E0,-9.197597862E-1,-3.529782533E0,5.481148095E0
2.457876925E1,4.091412567E0,-8.298521943E-1,-3.244229372E0,5.287091419E0
2.458871925E1,3.778264933E0,-8.653667204E-1,-2.942597829E0,4.866521082E0
2.459867025E1,3.170631053E0,-3.393503963E-1,-2.855466422E0,4.280391156E0
2.460862025E1,2.525490208E0,-4.335952335E-1,-3.047674048E0,3.981761259E0
2.461857025E1,1.896637368E0,-5.085678671E-1,-2.963081210E0,3.554676474E0
2.462852125E1,1.310862719E0,-4.906689553E-1,-2.812848698E0,3.141852143E0
2.463847125E1,1.108488246E0,-6.991426586E-1,-2.439453692E0,2.769202226E0
2.464842125E1,1.166523616E0,-8.783761174E-1,-2.095727459E0,2.554289634E0
2.465837225E1,1.378729597E0,-1.169394745E0,-1.666097442E0,2.458507689E0
2.466832225E1,1.577204561E0,-8.780477232E-1,-1.489849498E0,2.340554114E0
2.467827225E1,1.644906548E0,-6.920800991E-1,-1.973172158E0,2.660470030E0
2.468822225E1,1.448893261E0,-5.352767788E-1,-2.892319960E0,3.278921723E0
2.469817325E1,1.021665865E0,-2.191141739E-1,-3.586328909E0,3.735447390E0
2.470812325E1,5.823294693E-1,-3.955248164E-1,-3.674266940E0,3.741094096E0
2.471807325E1,7.702069402E-2,-9.246832149E-1,-3.251809702E0,3.381602811E0
2.472802425E1,-4.935886163E-1,-1.264871736E0,-2.643478249E0,2.971785236E0
2.473797425E1,-9.677282238E-1,-1.438552022E0,-1.898611388E0,2.571119413E0
2.474792425E1,-1.301035888E0,-1.460448236E0,-1.464455625E0,2.443406170E0
2.475787525E1,-1.409029284E0,-1.137016958E0,-1.371086701E0,2.271134040E0
2.476782525E1,-1.392564109E0,-7.760145409E-1,-1.611846975E0,2.267043016E0
2.477777525E1,-1.248175305E0,-5.386512069E-1,-2.226748944E0,2.608926517E0
2.478772625E1,-1.040829529E0,-4.325584491E-1,-2.568076649E0,2.804541067E0
2.479767625E1,-7.338109463E-1,-5.503307278E-1,-2.450395587E0,2.616444333E0
2.480762625E1,-5.101379907E-1,-5.547943461E-1,-2.119891663E0,2.249884041E0
2.481757725E1,-3.733961749E-1,-7.460471222E-1,-2.111171710E0,2.270034581E0
2.482752725E1,-4.361941016E-1,-9.194071260E-1,-2.100805181E0,2.334300145E0
2.483747725E1,-6.531287259E-1,-6.518262586E-1,-2.287857025E0,2.466930151E0
2.484742725E1,-8.926675165E-1,-5.431114630E-1,-2.233290224E0,2.465646078E0
2.485737825E1,-1.113043227E0,-3.839565387E-1,-2.130188609E0,2.433925093E0
2.486732825E1,-1.176203097E0,-2.576544879E-1,-2.076919890E0,2.400715683E0
2.487727825E1,-1.142944134E0,-2.754355784E-1,-2.116296210E0,2.420928685E0
2.488722925E1,-1.020054957E0,-2.527181223E-1,-2.276328070E0,2.507199244E0
2.489717925E1,-8.615574056E-1,-2.997231580E-1,-2.419888470E0,2.586112013E0
2.490712925E1,-7.340524364E-1,-4.661593276E-1,-2.632080857E0,2.772000565E0
2.491708025E1,-7.423578215E-1,-7.059998345E-1,-2.641954465E0,2.833629174E0
2.492703025E1,-8.978539968E-1,-7.930126892E-1,-2.467879347E0,2.743253432E0
2.493698025E1,-1.062819153E0,-9.403280251E-1,-2.202807519E0,2.620336298E0
2.494693125E1,-1.247152042E0,-1.050414577E0,-2.080627025E0,2.643438635E0
2.495688125E1,-1.386308758E0,-1.112617111E0,-1.991730636E0,2.669599171E0
2.496683125E1,-1.390236917E0,-1.200415686E0,-1.904757396E0,2.646102273E0
2.497678225E1,-1.254082747E0,-1.160871843E0,-1.901022195E0,2.556214458E0
2.498673225E1,-9.969900298E-1,-1.136875601E0,-1.842019696E0,2.383172636E0
2.499668225E1,-7.255108237E-1,-1.130564263E0,-1.972235434E0,2.386263631E0
2.500663225E1,-5.724868512E-1,-9.909747067E-1,-2.025691264E0,2.326627852E0
2.501658325E1,-4.393439966E-1,-9.991217785E-1,-2.082278278E0,2.350989218E0
2.502653325E1,-3.957945192E-1,-9.805131608E-1,-2.104035183E0,2.354787339E0
2.503648325E1,-2.201921082E-1,-8.785059256E-1,-1.965801158E0,2.164400938E0
2.504643425E1,1.562528050E-1,-7.098265448E-1,-2.014835908E0,2.141922594E0
2.505638425E1,6.104306030E-1,-4.425318255E-1,-2.194903253E0,2.320788708E0
2.506633425E1,9.634188259E-1,-3.964439256E-1,-2.462266020E0,2.673592634E0
2.507628525E1,1.169686959E0,-2.675374153E-1,-2.686748815E0,2.942509651E0
2.508623525E1,1.191912226E0,-1.759061739E-2,-2.803859189E0,3.046734405E0
2.509618525E1,1.116044603E0,-1.682832319E-2,-2.886801943E0,3.095070953E0
2.510613625E1,1.387743080E0,-5.935442828E-2,-2.604614146E0,2.951841570E0
2.511608625E1,2.068060189E0,-2.373496296E-1,-2.224416490E0,3.046512188E0
2.512603625E1,2.971462609E0,-4.583208792E-1,-1.955298389E0,3.586480148E0
2.513598725E1,3.591908323E0,-2.137550912E-1,-1.926091839E0,4.081338801E0
2.514593725E1,3.600452859E0,-6.488188894E-1,-2.698156440E0,4.545797500E0
2.515588725E1,3.059589504E0,-1.245913602E0,-3.287206114E0,4.660376881E0
2.516583825E1,2.225991145E0,-1.616120413E0,-2.751255005E0,3.890537992E0
2.517578825E1,2.033809538E0,-1.641953996E0,-1.685988208E0,3.110458230E0
2.518573825E1,2.563361455E0,-1.561608868E0,-6.417617387E-1,3.069414005E0
2.519568825E1,3.965429628E0,-1.622772644E0,1.595178902E-1,4.287594797E0
2.520563925E1,5.273226067E0,-1.589188722E0,-9.882262230E-2,5.508375428E0
2.521558925E1,6.029733565E0,-1.768861672E0,-3.531917059E-1,6.293751097E0
2.522553925E1,6.036561359E0,-1.809045931E0,-3.990666211E-1,6.314425896E0
2.523549025E1,5.538883785E0,-1.678976373E0,-4.212638211E-1,5.803073190E0
2.524544025E1,4.926387361E0,-1.633455653E0,-2.915714085E-1,5.198315466E0
2.525539025E1,4.393683795E0,-1.699907797E0,-2.225707555E-1,4.716320764E0
2.526534125E1,4.083121800E0,-1.650484645E0,-6.240265489E-1,4.448077375E0
2.527529125E1,3.972330512E0,-1.585084854E0,-8.266039199E-1,4.356050703E0
2.528524125E1,3.908306424E0,-1.659585398E0,-1.117028105E0,4.390539213E0
2.529519237E1,3.913735856E0,-2.132274019E0,-1.397514362E0,4.670863650E0
2.530514238E1,4.021166457E0,-3.015604994E0,-1.084357372E0,5.141933884E0
2.531509238E1,3.880906956E0,-3.393179297E0,2.459034848E-1,5.160966292E0
2.532504337E1,3.451525738E0,-3.275392692E0,2.057472636E0,5.184054480E0
2.533499337E1,3.010472600E0,-3.039432105E0,3.499217675E0,5.526808947E0
2.534494338E1,2.548249618E0,-2.411295256E0,4.349691684E0,5.588178475E0
2.535489437E1,2.051750550E0,-1.822980577E0,3.793205738E0,4.682023951E0
2.536484437E1,1.715839998E0,-1.538856182E0,2.579601511E0,3.459267149E0
2.537479438E1,1.434172457E0,-1.267457668E0,1.590434471E0,2.488529964E0
2.538474537E1,1.250136753E0,-1.176781971E0,9.890115041E-1,1.981363536E0
2.539469537E1,1.087381260E0,-1.297907628E0,8.606505024E-1,1.899389771E0
2.540464538E1,9.188946176E-1,-1.298435631E0,1.396478820E0,2.116708648E0
2.541459637E1,6.852954286E-1,-1.358291239E0,2.347920209E0,2.797733766E0
2.542454637E1,2.549581906E-1,-1.309977450E0,3.355089657E0,3.610771552E0
2.543449638E1,-3.220136212E-1,-1.180865666E0,4.109781010E0,4.288174022E0
2.544444737E1,-6.614855665E-1,-8.971640253E-1,4.135850821E0,4.283424851E0
2.545439737E1,-6.923096023E-1,-7.504766804E-1,3.318101925E0,3.471643446E0
2.546434738E1,-5.428507503E-1,-6.158498025E-1,2.295673583E0,2.438047398E0
2.547429738E1,-3.707063826E-1,-3.598376513E-1,1.387993340E0,1.481023926E0
2.548424837E1,-9.533431962E-2,-3.570456058E-1,5.836702359E-1,6.908264191E-1
2.549419838E1,2.474251496E-1,-2.105746078E-1,2.574002802E-1,4.145066639E-1
2.550414838E1,4.636959688E-1,-1.107848561E-1,1.200784206E-1,4.916361082E-1
2.551409937E1,4.221251891E-1,-7.110389650E-2,2.072656685E-1,4.756096053E-1
2.552404938E1,2.775782175E-1,-2.460514194E-1,7.495995981E-1,8.363555017E-1
2.553399938E1,5.120187476E-3,-4.591093397E-1,1.363108760E0,1.438357777E0
2.554395037E1,-4.848763380E-1,-4.782133627E-1,1.812550898E0,1.936268019E0
2.555390038E1,-8.549545835E-1,-5.589762747E-1,1.853010122E0,2.115903667E0
2.556385038E1,-1.045365653E0,-5.177475572E-1,1.624144254E0,1.999674083E0
2.557380137E1,-9.787095872E-1,-4.120556259E-1,1.070680150E0,1.507984840E0
2.558375138E1,-6.400718933E-1,-4.103850764E-1,3.160724115E-1,8.234134496E-1
2.559370138E1,-2.059167159E-1,-2.475208247E-1,-7.161669731E-2,3.298442115E-1
2.560365237E1,2.972247159E-1,-8.533835828E-2,-2.641918212E-1,4.067216315E-1
2.561360238E1,6.109018886E-1,-4.634210765E-2,-3.758063972E-1,7.187344131E-1
2.562355238E1,6.969234940E-1,-1.284340918E-1,-2.020786035E-1,7.369080231E-1
2.563350337E1,5.468558738E-1,-1.744657123E-1,2.870713913E-1,6.417940598E-1
2.564345337E1,4.054222521E-1,-2.718037266E-1,7.987612331E-1,9.360897263E-1
2.565340338E1,1.831410800E-1,-3.631103379E-1,9.055196965E-1,9.926508416E-1
2.566335437E1,-4.858305305E-2,-3.196649408E-1,9.276163244E-1,9.823533136E-1
2.567330437E1,-1.507305484E-1,-3.474672818E-1,8.765233541E-1,9.548541252E-1
2.568325438E1,-2.158166367E-1,-2.889606267E-1,7.272948092E-1,8.118083542E-1
2.569320537E1,-2.542907310E-1,-2.810282940E-1,4.631567824E-1,5.984604272E-1
2.570315537E1,-1.742328469E-1,-2.093566328E-1,2.847243190E-1,3.940243933E-1
2.571310538E1,-2.804807022E-2,-1.106217188E-1,1.599529231E-1,1.964912123E-1
2.572305537E1,1.941559187E-1,7.620676160E-3,-1.023017156E-1,2.195910665E-1
2.573300637E1,4.187756847E-1,8.544126928E-2,-3.588529801E-1,5.580759320E-1
2.574295638E1,4.728333396E-1,1.025607473E-1,-2.187186098E-1,5.309688354E-1
2.575290637E1,4.137386008E-1,7.865616024E-2,4.831203461E-2,4.239109270E-1
2.576285737E1,2.186156988E-1,-2.066990733E-2,2.791121614E-1,3.551389411E-1
2.577280738E1,-1.277561072E-1,-1.084056240E-1,3.008345675E-1,3.443469751E-1
2.578275738E1,-4.860417612E-1,-1.053843677E-1,1.542466253E-1,5.207057518E-1
2.579270837E1,-5.722107165E-1,-1.670444262E-1,-1.539326298E-1,6.156494123E-1
2.580265838E1,-3.575924666E-1,-1.963840002E-1,-3.518439227E-1,5.387329521E-1
2.581260838E1,-6.244080797E-2,-1.218799478E-1,-2.806862319E-1,3.123112821E-1
2.582255937E1,1.959301101E-1,-5.501118958E-2,-1.586478245E-1,2.580387010E-1
2.583250938E1,3.872260094E-1,-5.430952370E-2,-1.137616736E-1,4.072287135E-1
2.584245938E1,5.087530777E-1,-8.929575384E-2,-6.296223342E-2,5.203534074E-1
2.585241037E1,5.698002018E-1,-9.615512252E-2,1.786909103E-3,5.778592135E-1
2.586236038E1,6.489266244E-1,-9.153523743E-2,8.963723123E-2,6.614524146E-1
2.587231038E1,5.946580312E-1,-1.035220295E-1,1.753427947E-1,6.285539597E-1
2.588226137E1,4.816950873E-1,-1.189458150E-1,3.161601198E-1,5.883328015E-1
2.589221138E1,1.600246976E-1,-6.357443690E-2,4.610441834E-1,4.921497251E-1
2.590216138E1,-2.661390902E-1,-6.818905950E-2,2.867392695E-1,3.971135503E-1
2.591211237E1,-3.534662327E-1,-8.725215197E-2,3.863723159E-2,3.661204055E-1
2.592206238E1,-2.486236095E-1,-8.706504107E-3,-9.144460559E-3,2.489440170E-1
2.593201238E1,-8.735798657E-2,1.172144544E-1,8.922851086E-3,1.464590844E-1
2.594196337E1,4.142606109E-3,1.039173013E-1,-1.823366493E-1,2.099109820E-1
2.595191338E1,-1.855701596E-2,1.208479142E-1,-6.125601590E-1,6.246427215E-1
2.596186338E1,6.757685602E-2,2.871988606E-1,-7.173545426E-1,7.756593046E-1
2.597181437E1,1.729736491E-1,2.602999145E-1,-6.979587436E-1,7.647367759E-1
2.598176437E1,1.767588441E-1,2.488335246E-1,-5.221353078E-1,6.048033495E-1
2.599171438E1,1.868214637E-2,1.711848396E-1,-4.243862343E-1,4.579923010E-1
2.600166437E1,-1.934035282E-1,1.167911160E-1,-4.063639462E-1,4.649481114E-1
2.601161537E1,-4.049863422E-1,7.735281587E-2,-3.207373202E-1,5.223694325E-1
2.602156538E1,-5.710906823E-1,-1.753287613E-2,-3.565830910E-1,6.735009057E-1
2.603151537E1,-5.720146886E-1,-8.223874927E-2,-3.314675456E-1,6.662092386E-1
2.604146637E1,-3.411835715E-1,-1.195252740E-1,-2.745641971E-1,4.539581687E-1
2.605141638E1,-6.824606985E-2,-9.191472173E-2,-1.379697311E-1,1.792804753E-1
2.606136637E1,1.389583491E-1,-8.059568167E-2,-7.876433372E-2,1.789103321E-1
2.607131737E1,2.806663513E-1,-6.939767897E-2,-1.038933277E-2,2.893053350E-1
2.608126738E1,4.045765986E-1,-6.325693309E-2,7.602432847E-2,4.164893302E-1
2.609121737E1,5.160281834E-1,-8.613007128E-2,1.560200858E-1,5.459356578E-1
2.610116837E1,5.693525974E-1,-1.611779147E-1,6.121450067E-2,5.948847918E-1
2.611111838E1,5.260696068E-1,-1.398747540E-1,1.660328579E-1,5.691055156E-1
2.612106838E1,4.183041067E-1,-1.945099676E-1,1.810385674E-1,4.955677714E-1
2.613101937E1,3.437344193E-1,-1.141458356E-1,2.111569905E-1,4.192492069E-1
2.614096938E1,2.927933304E-1,-1.356711906E-1,2.480973601E-1,4.070465654E-1
2.615091938E1,1.912441514E-1,-7.273000717E-2,2.736882842E-1,3.417151684E-1
2.616087037E1,9.593322068E-2,-8.416482210E-3,5.335748005E-1,5.421956176E-1
2.617082038E1,1.231992258E-1,-2.798594356E-2,5.806951725E-1,5.942795182E-1
2.618077038E1,2.336259399E-1,-2.499450803E-2,4.093226373E-1,4.719648574E-1
2.619072137E1,4.006032693E-1,2.218433619E-2,1.351618981E-1,4.233720148E-1
2.620067138E1,4.276557049E-1,9.734620035E-2,-2.618026489E-1,5.107898899E-1
2.621062138E1,2.691771573E-1,1.448273456E-1,-4.332219619E-1,5.302005001E-1
2.622057237E1,-2.653451845E-2,1.620000333E-1,-3.865693671E-1,4.199809126E-1
2.623052238E1,-2.956040870E-1,1.451220453E-1,-2.962293005E-1,4.429378994E-1
2.624047238E1,-4.640531605E-1,1.662480354E-1,-1.673297703E-1,5.205602723E-1
2.625042337E1,-4.861414562E-1,1.455868989E-1,-2.025422877E-1,5.463995232E-1
2.626037338E1,-3.785563427E-1,1.397800291E-1,-1.581280071E-1,4.334141527E-1
2.627032338E1,-2.570200650E-1,7.652309597E-2,-2.648011011E-1,3.768749410E-1
2.628027337E1,-1.575944486E-1,1.659498274E-2,-4.288143307E-1,4.571576685E-1
2.629022863E1,-6.124169022E-2,1.670315623E-2,-4.636467791E-1,4.679720887E-1
2.630017863E1,4.332874507E-2,-2.951557517E-2,-3.998828924E-1,4.033049429E-1
2.631012862E1,1.399992996E-1,-8.586460769E-2,-2.713260090E-1,3.171597987E-1
2.632007963E1,2.366419338E-1,-8.114473522E-2,8.879172385E-2,2.654577991E-1
2.633002963E1,2.907066053E-1,-1.490385103E-1,3.778447366E-1,4.994891920E-1
2.633997962E1,2.865582982E-1,-1.932329357E-1,5.457206368E-1,6.459610198E-1
2.634993063E1,2.419349796E-1,-1.940936458E-1,6.585847628E-1,7.279689330E-1
2.635988063E1,1.387848330E-1,-2.620646042E-1,5.619121617E-1,6.353616010E-1
2.636983062E1,1.298245597E-1,-2.220608783E-1,3.877481657E-1,4.653107456E-1
2.637978163E1,2.413863645E-1,-1.641208184E-1,3.297338462E-1,4.403719216E-1
2.638973163E1,2.833396983E-1,-1.586413926E-1,2.865387100E-1,4.330737910E-1
2.639968162E1,2.394070821E-1,-1.406354767E-1,3.960892189E-1,4.837155750E-1
2.640963263E1,1.822245289E-1,-6.845627725E-2,4.830180198E-1,5.207671728E-1
2.641958263E1,8.208350569E-2,3.695440292E-4,4.661797929E-1,4.733512837E-1
2.642953262E1,4.662715942E-2,-8.855608106E-3,4.165790319E-1,4.192739005E-1
2.643948362E1,-3.915441781E-3,-3.104403734E-2,1.488502300E-1,1.521034316E-1
2.644943363E1,-8.398575112E-2,-6.049529314E-3,-7.277444601E-2,1.112938596E-1
2.645938362E1,-1.210461348E-1,2.733631790E-2,-1.850222754E-1,2.227839389E-1
2.646933462E1,-1.062325063E-1,1.596582234E-2,-2.641292560E-1,2.851394690E-1
2.647928463E1,-1.108183314E-1,6.909537792E-2,-2.705144155E-1,3.003879538E-1
2.648923462E1,-1.245220122E-1,5.037551701E-2,-1.679495752E-1,2.150592570E-1
2.649918562E1,-1.320216510E-1,-2.719364583E-2,-2.283688545E-2,1.367140594E-1
2.650913563E1,-1.356939948E-1,-8.818127453E-2,1.326376551E-1,2.092403999E-1
2.651908562E1,-1.569095935E-1,-9.554467320E-2,2.060816073E-1,2.760779491E-1
2.652903662E1,-9.256347030E-2,-1.621017748E-1,4.494169950E-2,1.920019213E-1
2.653898663E1,4.246394187E-2,-1.582630777E-1,-1.471603847E-1,2.202420644E-1
2.654893662E1,2.014263466E-1,-1.251795316E-1,-1.656200445E-1,2.892619701E-1
2.655888762E1,3.659099847E-1,-1.165285760E-1,-1.768198013E-1,4.227697578E-1
2.656883763E1,5.303003597E-1,-6.392351568E-2,-8.026297510E-2,5.401359390E-1
2.657878763E1,6.588722996E-1,-6.269560039E-2,8.090792298E-3,6.618979577E-1
2.658873862E1,6.222228290E-1,-5.714893162E-2,1.635384357E-1,6.458885889E-1
2.659868863E1,4.226903956E-1,-5.537781000E-2,2.811002147E-1,5.106380353E-1
2.660863863E1,1.235320786E-1,-8.986410320E-2,2.527236772E-1,2.953049076E-1
2.661858862E1,-1.255594544E-1,-3.969557762E-2,1.628274143E-1,2.094127081E-1
2.662853963E1,-1.554198691E-1,8.617626429E-3,-6.986253262E-2,1.706176212E-1
2.663848963E1,-9.619839191E-2,6.891996145E-2,-2.838267714E-1,3.075089069E-1
2.664843962E1,1.419543162E-2,1.124442959E-1,-2.930525082E-1,3.142053509E-1
2.665839063E1,1.248444861E-1,1.217548174E-1,-2.099197197E-1,2.729041406E-1
2.666834063E1,1.901463367E-1,8.404495418E-2,-1.558540249E-1,2.598262126E-1
2.667829062E1,2.641292560E-1,9.369987667E-2,-6.685881793E-2,2.881215582E-1
2.668824163E1,2.296017399E-1,1.438146079E-1,-7.815329969E-2,2.819708117E-1
2.669819163E1,8.024864942E-2,9.409690261E-2,-7.696339130E-2,1.456620624E-1
2.670814162E1,-1.319449063E-1,5.184960008E-2,-1.665567684E-1,2.187212757E-1
2.671809263E1,-3.637802826E-1,5.577483594E-2,-3.410914779E-1,5.017871288E-1
2.672804263E1,-5.290971489E-1,4.030485749E-2,-5.507334548E-1,7.647716083E-1
2.673799262E1,-5.374991593E-1,5.454048872E-2,-6.358893800E-1,8.344071636E-1
2.674794362E1,-4.521504222E-1,2.593649447E-2,-6.102329671E-1,7.599322208E-1
2.675789363E1,-2.881022555E-1,-2.778421462E-2,-4.690712410E-1,5.511830017E-1
2.676784362E1,-9.969678104E-2,-1.078086233E-1,-1.773419577E-1,2.302440387E-1
2.677779462E1,8.529991284E-2,-1.531175280E-1,1.162777305E-2,1.756594934E-1
2.678774463E1,2.363539584E-1,-1.711550188E-1,5.706882477E-3,2.918729220E-1
2.679769462E1,3.416571960E-1,-1.765625238E-1,-9.848991573E-2,3.969939897E-1
2.680764562E1,4.094400202E-1,-2.100518668E-1,-1.104077107E-1,4.732364942E-1
2.681759563E1,4.251418407E-1,-2.574792176E-1,-3.067683220E-2,4.979781123E-1
2.682754562E1,3.212983605E-1,-2.605618697E-1,1.449776191E-1,4.383419150E-1
2.683749662E1,1.340295848E-1,-2.822334051E-1,4.272244728E-1,5.292828872E-1
2.684744663E1,4.882132709E-3,-3.620350349E-1,7.284215677E-1,8.134440251E-1
2.685739662E1,-5.093772680E-2,-4.253960484E-1,9.676726753E-1,1.058275416E0
2.686734762E1,1.716143176E-2,-3.978831446E-1,1.071736157E0,1.143338927E0
2.687729763E1,8.076028079E-2,-3.971855718E-1,1.049776354E0,1.125303956E0
2.688724763E1,7.368573457E-2,-3.614432967E-1,9.615442085E-1,1.029872861E0
2.689719862E1,8.236475676E-2,-3.501511538E-1,8.967997438E-1,9.662502596E-1
2.690714863E1,8.249149516E-2,-3.634021139E-1,8.532081664E-1,9.310371197E-1
2.691709863E1,2.848471105E-3,-3.778716338E-1,9.156733865E-1,9.905820693E-1
2.692704962E1,-2.422157921E-1,-3.036476630E-1,9.727755404E-1,1.047455319E0
2.693699963E1,-4.528797162E-1,-3.189936805E-1,8.635939908E-1,1.025988102E0
2.694694963E1,-4.727225348E-1,-2.797214413E-1,8.443572360E-1,1.007298278E0
2.695689962E1,-2.846507902E-1,-2.439943689E-1,7.208839220E-1,8.125472007E-1
2.696685063E1,-1.039569162E-1,-1.729354960E-1,5.357254064E-1,5.724643546E-1
2.697680063E1,-5.081873596E-2,-2.188753152E-1,6.354642874E-1,6.740206288E-1
2.698675062E1,-8.269410118E-2,-3.125190586E-1,7.024634385E-1,7.732796123E-1
2.699670163E1,-1.464954101E-1,-3.782201278E-1,9.134982222E-1,9.994950587E-1
2.700665163E1,-1.726530755E-1,-4.410414433E-1,1.175555225E0,1.267381839E0
2.701660162E1,-1.230669326E-1,-4.666797298E-1,1.367404125E0,1.450079129E0
2.702655263E1,-5.217265874E-2,-5.343381545E-1,1.353699421E0,1.456276544E0
2.703650263E1,1.629829502E-1,-5.366513130E-1,1.364387546E0,1.475164889E0
2.704645262E1,3.148763636E-1,-4.180762115E-1,1.082092161E0,1.202022582E0
2.705640362E1,4.554896209E-1,-3.639198849E-1,6.487041378E-1,8.721958127E-1
2.706635363E1,5.319922516E-1,-3.544245914E-1,3.744013113E-1,7.408163663E-1
2.707630362E1,4.675579816E-1,-3.073808178E-1,4.402269262E-1,7.119643108E-1
2.708625462E1,4.301667917E-1,-3.671197736E-1,7.957551795E-1,9.762411088E-1
2.709620463E1,4.491398370E-1,-5.280363178E-1,1.319748148E0,1.490732746E0
2.710615462E1,4.346448818E-1,-6.411863726E-1,1.921467569E0,2.071732067E0
2.711610562E1,4.406467563E-1,-6.536897662E-1,1.817111726E0,1.980751095E0
2.712605563E1,6.088799214E-1,-6.528056672E-1,1.267612619E0,1.550397288E0
2.713600562E1,8.250126001E-1,-5.382417557E-1,8.367827529E-1,1.292499653E0
2.714595662E1,9.603101537E-1,-5.332084724E-1,4.769690752E-1,1.197500048E0
2.715590663E1,1.012995613E0,-5.776809329E-1,3.214097500E-1,1.209619610E0
2.716585662E1,8.874173015E-1,-6.021082610E-1,4.011593395E-1,1.144977135E0
2.717580762E1,8.484064329E-1,-6.893142200E-1,9.416613364E-1,1.442800624E0
2.718575763E1,1.066055587E0,-7.375743605E-1,1.380928735E0,1.894057713E0
2.719570763E1,1.678569553E0,-7.267225130E-1,1.699558718E0,2.496842244E0
2.720565862E1,2.115954732E0,-3.516290376E-1,1.224549630E0,2.469904695E0
2.721560863E1,2.176626611E0,-1.671128386E-1,-1.418072587E-1,2.187633288E0
2.722555863E1,1.963578047E0,-1.804975538E-1,-1.251766664E0,2.335623663E0
2.723550962E1,1.572775880E0,-1.114929539E-1,-1.572362482E0,2.226741660E0
2.724545963E1,1.192740192E0,-2.377122666E-1,-1.236903042E0,1.734665796E0
2.725540963E1,8.995976365E-1,-4.783834436E-1,-5.559298754E-1,1.160682839E0
2.726536062E1,6.929780853E-1,-6.791029349E-1,2.654600823E-1,1.005916735E0
2.727531063E1,7.147384983E-1,-9.227817734E-1,9.317403656E-1,1.493491691E0
2.728526063E1,1.038828027E0,-1.188612642E0,1.647351853E0,2.281607287E0
2.729521067E1,1.677642769E0,-1.234087900E0,2.158708404E0,2.999580000E0
2.730516167E1,2.477378148E0,-1.235571777E0,2.441397892E0,3.691133129E0
2.731511167E1,2.981604019E0,-1.243692829E0,2.162940618E0,3.887807416E0
2.732506167E1,3.074336767E0,-1.321484625E0,1.785942559E0,3.793080409E0
2.733501267E1,2.860832119E0,-1.453519724E0,1.527424875E0,3.553886148E0
2.734496267E1,2.454641835E0,-1.676703122E0,8.710123533E-1,3.097622058E0
2.735491267E1,1.975176584E0,-1.366358496E0,-1.699540007E-1,2.407725574E0
2.736486367E1,1.679669999E0,-1.241138911E0,-1.459657400E0,2.548002517E0
2.737481367E1,1.514973230E0,-1.170863127E0,-2.263941036E0,2.965045255E0
2.738476367E1,1.472813635E0,-7.454733641E-1,-2.159398960E0,2.718071818E0
2.739471467E1,1.520767820E0,-5.139639335E-1,-1.722415192E0,2.354486734E0
2.740466467E1,1.455162061E0,-2.848215289E-1,-1.647213274E0,2.216287774E0
2.741461467E1,1.427898833E0,-2.648710850E-1,-1.772920517E0,2.291789460E0
2.742456567E1,1.419532052E0,-3.342811893E-1,-2.001326355E0,2.476312246E0
2.743451567E1,1.366429979E0,-3.919175228E-1,-1.986714163E0,2.442900612E0
2.744446567E1,1.344049761E0,-4.732909938E-1,-1.785343073E0,2.284277569E0
2.745441667E1,1.365009690E0,-5.249192403E-1,-1.671807833E0,2.221200822E0
2.746436667E1,1.473574358E0,-5.709470601E-1,-1.631440995E0,2.271343579E0
2.747431667E1,1.607536992E0,-6.995612461E-1,-1.787514875E0,2.503751295E0
2.748426767E1,1.636179578E0,-7.829734585E-1,-2.053802923E0,2.740116329E0
2.749421767E1,1.397861686E0,-6.684172945E-1,-2.419603565E0,2.873200373E0
2.750416767E1,1.016683452E0,-7.576559649E-1,-2.595858525E0,2.888973743E0
2.751411867E1,5.715752703E-1,-8.896807587E-1,-2.587157868E0,2.794926829E0
2.752406867E1,2.354878396E-1,-9.373498920E-1,-2.331262661E0,2.523661019E0
2.753401867E1,-5.144263387E-2,-1.078653998E0,-1.805021439E0,2.103388501E0
2.754396967E1,-2.849956298E-1,-1.303653833E0,-1.787797880E0,2.230909475E0
2.755391967E1,-5.200437587E-1,-1.277693511E0,-1.672424714E0,2.167936955E0
2.756386967E1,-7.293582916E-1,-1.358127079E0,-2.010138255E0,2.533205180E0
2.757382067E1,-8.580859137E-1,-1.279754654E0,-2.163756890E0,2.656299548E0
2.758377067E1,-1.019915208E0,-1.100527335E0,-2.330206069E0,2.771506409E0
2.759372067E1,-1.184167004E0,-9.194382624E-1,-2.441244695E0,2.864837495E0
2.760367167E1,-1.244982140E0,-7.916829593E-1,-2.355297641E0,2.779238999E0
2.761362167E1,-1.234986325E0,-6.954780623E-1,-2.321883727E0,2.720298697E0
2.762357167E1,-1.137783381E0,-8.636461772E-1,-2.236577529E0,2.653811369E0
2.763352167E1,-9.678849292E-1,-1.087688092E0,-2.150731047E0,2.597212094E0
2.764347267E1,-8.406202805E-1,-1.329743671E0,-2.470430487E0,2.928803079E0
2.765342267E1,-8.496934050E-1,-1.516655474E0,-2.763444403E0,3.264789071E0
2.766337267E1,-9.231724405E-1,-1.628229996E0,-3.163896230E0,3.676087544E0
2.767332367E1,-1.090770013E0,-1.656521164E0,-3.413340788E0,3.947750870E0
2.768327367E1,-1.248501579E0,-1.521263080E0,-3.551576568E0,4.060380976E0
2.769322367E1,-1.329951539E0,-1.452463571E0,-3.753165759E0,4.238475521E0
2.770317467E1,-1.270339760E0,-1.362369380E0,-3.833372017E0,4.261989494E0
2.771312467E1,-1.049648300E0,-1.262025604E0,-3.747381109E0,4.091128861E0
2.772307467E1,-8.208163458E-1,-1.316633628E0,-3.747761763E0,4.056227535E0
2.773302567E1,-6.438743377E-1,-1.326956888E0,-3.684341692E0,3.968597038E0
2.774297567E1,-5.385759240E-1,-1.318463953E0,-3.669389192E0,3.936093021E0
2.775292567E1,-5.334385604E-1,-1.390628973E0,-3.730755136E0,4.017080970E0
2.776287667E1,-6.551103473E-1,-1.459739554E0,-3.600295569E0,3.939814376E0
2.777282667E1,-6.874331707E-1,-1.365937058E0,-3.349963403E0,3.682472432E0
2.778277667E1,-6.596600658E-1,-1.205439102E0,-3.113525391E0,3.403274186E0
2.779272767E1,-5.334514242E-1,-1.193812352E0,-3.102814461E0,3.367078249E0
2.780267767E1,-4.137372851E-1,-1.221822781E0,-3.286862590E0,3.530934032E0
2.781262767E1,-5.337075323E-1,-1.307533899E0,-3.541701790E0,3.812891317E0
2.782257867E1,-8.216127366E-1,-1.297501831E0,-3.694871943E0,4.001329425E0
2.783252867E1,-1.064118989E0,-1.219669836E0,-3.669086891E0,4.010254649E0
2.784247867E1,-1.212368710E0,-1.066576428E0,-3.481290697E0,3.837552355E0
2.785242967E1,-1.021042551E0,-1.064302153E0,-3.594413562E0,3.885238194E0
2.786237967E1,-6.749604750E-1,-1.024635446E0,-3.829992911E0,4.021727879E0
2.787232967E1,-3.208156729E-1,-1.081648795E0,-4.207916877E0,4.356541203E0
2.788228067E1,-4.898037136E-2,-1.486350232E0,-4.872847038E0,5.094730056E0
2.789223067E1,5.803478479E-2,-1.948531553E0,-5.064521399E0,5.426741218E0
2.790218067E1,3.491898715E-2,-2.957532787E0,-4.889089141E0,5.714141419E0
2.791213067E1,2.220468450E-1,-3.231713991E0,-3.963373747E0,5.118750978E0
2.792208167E1,1.073045349E0,-3.361981770E0,-2.457406983E0,4.300371707E0
2.793203167E1,2.588171775E0,-3.642383827E0,-1.215786992E0,4.630737640E0
2.794198167E1,3.719842477E0,-3.798921976E0,-1.464598882E0,5.514896746E0
2.795193267E1,4.538992952E0,-3.185492921E0,-2.046245981E0,5.910748242E0
2.796188267E1,5.527705078E0,-2.778343401E0,-2.874456131E0,6.821818932E0
2.797183267E1,6.529348322E0,-2.894436067E0,-4.829953326E0,8.621983460E0
2.798178367E1,7.312036144E0,-3.341891322E0,-5.915711106E0,9.981470236E0
2.799173367E1,7.719669521E0,-3.736919855E0,-5.946014886E0,1.043613724E1
2.800168367E1,8.035799235E0,-3.697703750E0,-5.307474378E0,1.031583088E1
2.801163467E1,8.203151810E0,-3.841941403E0,-4.328475062E0,1.003931819E1
2.802158467E1,7.631341481E0,-4.662840780E0,-2.822902400E0,9.378072025E0
2.803153467E1,7.099521430E0,-4.829259261E0,-1.201559547E0,8.669988172E0
2.804148567E1,5.892972454E0,-4.462794961E0,1.275775917E0,7.501417692E0
2.805143567E1,4.709522903E0,-4.241483696E0,2.541770611E0,6.828644650E0
2.806138567E1,3.640475881E0,-4.130959918E0,3.539386877E0,6.545620975E0
2.807133667E1,2.652732053E0,-3.688184190E0,4.391221533E0,6.318426744E0
2.808128667E1,2.104354149E0,-3.261597064E0,4.145627950E0,5.679133111E0
2.809123667E1,2.003339405E0,-2.811628384E0,2.762810565E0,4.421735537E0
2.810118767E1,2.126393474E0,-2.371783573E0,1.537004954E0,3.536847573E0
2.811113767E1,2.280537481E0,-2.030779219E0,8.329557502E-1,3.165237861E0
2.812108767E1,2.445202967E0,-1.832185264E0,8.379071724E-1,3.168281683E0
2.813103867E1,2.396305626E0,-1.625128925E0,1.451669519E0,3.238930236E0
2.814098867E1,2.263271676E0,-1.652870748E0,2.029304844E0,3.460124064E0
2.815093867E1,1.969810594E0,-1.663363284E0,2.515820083E0,3.602260662E0
2.816088867E1,1.604837625E0,-1.517016247E0,2.922099245E0,3.662718402E0
2.817083967E1,1.352194055E0,-1.247807515E0,2.945305674E0,3.472791078E0
2.818078967E1,1.019246579E0,-1.094418676E0,2.774403255E0,3.151813644E0
2.819073967E1,6.113185027E-1,-9.554560876E-1,2.549606465E0,2.790537542E0
2.820069067E1,1.496363881E-1,-7.201202756E-1,2.099463245E0,2.224569661E0
2.821064067E1,-1.570706843E-1,-6.282827371E-1,1.766991148E0,1.881932017E0
2.822059067E1,-1.968272191E-1,-5.839719522E-1,1.587830706E0,1.703223575E0
2.823054167E1,7.783974275E-2,-4.520418102E-1,1.654280804E0,1.716696188E0
2.824049167E1,4.436414078E-1,-3.674893177E-1,1.708335389E0,1.802852157E0
2.825044167E1,6.809655654E-1,-3.202163333E-1,1.725604556E0,1.882541815E0
2.826039267E1,7.146961060E-1,-3.592710561E-1,1.531662937E0,1.727963417E0
2.827034267E1,6.096286574E-1,-4.685631180E-1,1.356418376E0,1.559188669E0
2.828029267E1,3.287336800E-1,-5.328479916E-1,1.350332594E0,1.488418936E0
2.829023887E1,-4.252899215E-2,-5.667238355E-1,1.461777016E0,1.568367516E0
2.830018888E1,-2.801077960E-1,-5.514339513E-1,1.637260144E0,1.750188721E0
2.831013888E1,-4.054973888E-1,-4.505963784E-1,1.572651334E0,1.685436872E0
2.832008987E1,-5.081021364E-1,-3.649177122E-1,1.251880100E0,1.399477225E0
2.833003987E1,-4.343092516E-1,-3.286521113E-1,8.445946330E-1,1.004976035E0
2.833998988E1,-1.992454813E-1,-1.793504763E-1,3.893660903E-1,4.727275192E-1
2.834994087E1,4.503525496E-2,-7.020634890E-2,1.190446329E-1,1.453572504E-1
2.835989087E1,1.526105744E-1,-9.769060135E-2,1.290644217E-1,2.224658759E-1
2.836984088E1,1.344726576E-1,-9.066517174E-2,2.368707061E-1,2.870728138E-1
2.837979087E1,1.582554764E-1,-1.069695479E-1,2.987354171E-1,3.545844461E-1
2.838974187E1,3.126607074E-1,-1.211537236E-1,2.907697552E-1,4.438265351E-1
2.839969188E1,4.569862157E-1,-1.280668867E-1,3.698445761E-1,6.016830888E-1
2.840964187E1,4.039852989E-1,2.257200658E-2,5.480478287E-1,6.812268636E-1
2.841959287E1,2.364555538E-2,-4.962122619E-2,5.459685588E-1,5.487285718E-1
2.842954288E1,-5.437379922E-1,-8.335205913E-2,3.438092637E-1,6.486935946E-1
2.843949287E1,-9.693734841E-1,-1.287416553E-1,7.108460069E-3,9.779109856E-1
2.844944387E1,-1.163754228E0,-1.169677019E-2,-2.924017131E-1,1.199983117E0
2.845939388E1,-1.017709785E0,3.758005500E-2,-6.011744606E-1,1.182605682E0
2.846934388E1,-5.399302854E-1,1.416306728E-1,-7.179702544E-1,9.094312766E-1
2.847929487E1,3.468436763E-2,2.607729542E-1,-5.979397810E-1,6.532514988E-1
2.848924488E1,4.261146712E-1,2.789297283E-1,-4.791834158E-1,6.992798097E-1
2.849919488E1,5.362203732E-1,1.547705358E-1,-3.543389297E-1,6.610917368E-1
2.850914587E1,3.559454522E-1,7.902278066E-2,-1.975756627E-1,4.147021911E-1
2.851909588E1,6.904436097E-2,-3.175330460E-2,-1.274219388E-1,1.483635623E-1
2.852904588E1,-2.122993903E-1,-1.136078918E-1,-3.315897524E-2,2.430582272E-1
2.853899587E1,-3.060678256E-1,-2.517670727E-1,-1.943731427E-2,3.967895940E-1
2.854894688E1,-1.539090948E-1,-1.873056132E-1,5.136720479E-2,2.478103951E-1
2.855889688E1,1.349433585E-1,-1.344152087E-1,1.404384255E-1,2.366434231E-1
2.856884687E1,3.755154982E-1,-9.542889833E-2,1.305151159E-1,4.088431967E-1
2.857879788E1,4.964905894E-1,-1.067058384E-1,1.054650593E-1,5.186635904E-1
2.858874788E1,4.842951979E-1,-1.548056191E-1,-9.970262825E-2,5.181189366E-1
2.859869787E1,4.397449695E-1,-1.983866715E-1,-2.284320045E-1,5.337734447E-1
2.860864888E1,4.494319054E-1,-1.976622015E-1,-8.293573737E-2,4.979334494E-1
2.861859888E1,4.087228592E-1,-1.622502941E-1,2.057594258E-1,4.855064107E-1
2.862854887E1,3.297211285E-1,-1.655118710E-1,6.849077582E-2,3.752348443E-1
2.863849987E1,3.478597762E-1,-1.115087414E-1,-1.281183422E-1,3.871110085E-1
2.864844988E1,3.264978509E-1,1.848363340E-2,-1.826085448E-3,3.270257267E-1
2.865839987E1,2.303861439E-1,8.893790424E-2,6.577240527E-2,2.555655208E-1
2.866835087E1,-7.939992607E-2,9.739882529E-2,-4.806762099E-2,1.345413528E-1
2.867830088E1,-4.539868864E-1,-6.686875820E-3,-5.114740795E-1,6.839258303E-1
2.868825087E1,-6.201283564E-1,2.710359871E-2,-7.899693596E-1,1.004661820E0
2.869820187E1,-5.725758751E-1,5.923521817E-2,-8.264244103E-1,1.007139141E0
2.870815188E1,-3.902389334E-1,9.570605636E-2,-5.128429127E-1,6.515012874E-1
2.871810187E1,-2.005957496E-1,4.103926778E-2,-3.240100068E-1,3.832823512E-1
2.872805187E1,-1.293820716E-1,1.438356578E-1,-1.172776043E-1,2.262353938E-1
2.873800288E1,-1.533229114E-1,1.562797022E-1,3.291397691E-3,2.189568309E-1
2.874795287E1,-2.695110333E-1,1.062023932E-1,-6.088471770E-2,2.960102941E-1
2.875790287E1,-4.357628694E-1,1.945076287E-2,-1.620719540E-1,4.653331375E-1
2.876785388E1,-4.917990759E-1,-6.275933504E-2,-2.311521292E-1,5.470250196E-1
2.877780387E1,-3.938690311E-1,-1.000066835E-1,-2.445714891E-1,4.742882706E-1
2.878775387E1,-2.719178934E-1,-8.500155866E-2,-1.471352416E-1,3.206452636E-1
2.879770488E1,-9.989441693E-2,-6.101569533E-2,9.852207541E-2,1.529980685E-1
2.880765488E1,1.398098499E-2,-1.045768672E-1,3.008018231E-1,3.187687656E-1
2.881760487E1,5.369702786E-2,-1.375475621E-1,1.687447965E-1,2.242264681E-1
2.882755588E1,1.874855612E-1,-1.127851886E-1,1.525573647E-1,2.667303581E-1
2.883750588E1,3.254712260E-1,-1.305127770E-1,2.290582412E-1,4.188469670E-1
2.884745587E1,3.594346319E-1,-1.308677030E-1,3.972072065E-1,5.514464391E-1
2.885740688E1,2.519405888E-1,-1.317822075E-1,4.878600991E-1,5.646663500E-1
2.886735688E1,1.561228506E-1,-1.331586421E-1,5.899899065E-1,6.246548313E-1
2.887730687E1,3.521120176E-2,-1.778448182E-1,5.364691722E-1,5.662753578E-1
2.888725687E1,-9.075404942E-2,-9.225795329E-2,5.353014833E-1,5.507227119E-1
2.889720788E1,-1.905933563E-1,-3.120658994E-3,4.009441620E-1,4.439502078E-1
2.890715787E1,-2.123262875E-1,4.201165974E-2,9.940968275E-2,2.381800095E-1
2.891710787E1,-1.376096888E-1,8.197211623E-2,-2.072791171E-1,2.619551234E-1
2.892705888E1,-1.034983483E-1,1.400823301E-1,-4.227934527E-1,4.572628030E-1
2.893700887E1,-1.293253537E-1,1.617883641E-1,-5.885327804E-1,6.239161446E-1
2.894695887E1,-1.341620243E-1,1.904800665E-1,-7.042240351E-1,7.417638412E-1
2.895690988E1,-1.884333949E-1,1.996034771E-1,-6.351584780E-1,6.919356795E-1
2.896685987E1,-2.217136998E-1,1.799580020E-1,-4.169088149E-1,5.053264362E-1
2.897680987E1,-2.761710119E-1,7.098578274E-2,-2.008898646E-1,3.488067472E-1
2.898676088E1,-2.881458172E-1,5.565906107E-2,1.052908123E-2,2.936610369E-1
2.899671087E1,-2.576252519E-1,-1.333165169E-3,1.187323916E-1,2.836722202E-1
2.900666087E1,-2.421899182E-1,-1.304063576E-1,-7.143543363E-3,2.751595988E-1
2.901661188E1,-2.057293126E-1,-1.661135495E-1,-2.050372946E-1,3.346020824E-1
2.902656187E1,-4.138074517E-2,-1.178710967E-1,-2.637784231E-1,2.918647255E-1
2.903651187E1,1.271329401E-1,-9.297423720E-2,-2.129859996E-1,2.648962613E-1
2.904646187E1,2.961116253E-1,-6.970290363E-2,-9.921321630E-2,3.199747673E-1
2.905641287E1,4.653880799E-1,-6.169631124E-2,5.058718622E-2,4.721774699E-1
2.906636287E1,5.205053964E-1,-7.926134706E-2,2.138221514E-1,5.682676669E-1
2.907631287E1,5.168238433E-1,-1.568281710E-1,3.950507534E-1,6.691539867E-1
2.908626387E1,4.984356657E-1,-2.480353796E-1,5.497610629E-1,7.824301174E-1
2.909621387E1,3.967534626E-1,-3.014064252E-1,5.663928831E-1,7.543606838E-1
2.910616387E1,2.833891073E-1,-3.498915374E-1,5.486892682E-1,7.097840426E-1
2.911611488E1,1.454380873E-1,-3.640499854E-1,5.147952980E-1,6.470694151E-1
2.912606487E1,-6.983768195E-2,-3.331538826E-1,3.887240660E-1,5.166964397E-1
2.913601487E1,-2.579170279E-1,-1.668081987E-1,4.279460192E-1,5.267674665E-1
2.914596588E1,-2.421674064E-1,-5.149642825E-2,4.218023497E-1,4.890952433E-1
2.915591587E1,-7.766476482E-2,5.353827596E-2,2.307936949E-1,2.493268784E-1
2.916586587E1,8.808084860E-2,1.437116969E-1,1.902216196E-2,1.696264436E-1
2.917581588E1,1.737488437E-1,2.002098334E-1,-1.737049896E-1,3.169322664E-1
2.918576687E1,1.265657602E-1,1.935773367E-1,-3.481391269E-1,4.179616353E-1
2.919571687E1,4.764603674E-3,1.457026738E-1,-3.815436852E-1,4.084452893E-1
2.920566688E1,-1.824863380E-1,6.115661323E-2,-2.548041165E-1,3.193219890E-1
2.921561787E1,-4.624942929E-1,3.584343195E-3,-2.186952209E-1,5.116067026E-1
2.922556787E1,-5.710931674E-1,-3.876294672E-2,-2.127836859E-1,6.106773852E-1
2.923551788E1,-4.199527292E-1,-2.230186522E-2,-1.758649510E-1,4.558356600E-1
2.924546887E1,-1.352979921E-1,8.683699965E-2,-1.050534153E-1,1.920479920E-1
2.925541887E1,1.439384227E-1,1.107766700E-1,-1.313506830E-1,2.241489283E-1
2.926536887E1,2.856848703E-1,1.686278522E-1,-2.707307625E-1,4.281896115E-1
2.927531987E1,3.313944554E-1,1.244761115E-1,-3.054573762E-1,4.675690282E-1
2.928526987E1,2.928788459E-1,2.538861036E-3,-2.837460798E-1,4.077944360E-1
2.929522092E1,2.199542727E-1,-1.163157374E-1,-1.576742631E-1,2.945681688E-1
2.930517092E1,2.065059690E-1,-1.905899942E-1,1.657486832E-1,3.262543289E-1
2.931512192E1,2.754256381E-1,-2.929262084E-1,5.279100180E-1,6.635917666E-1
2.932507192E1,3.436749239E-1,-2.770972109E-1,8.730571246E-1,9.783271745E-1
2.933502192E1,3.967812368E-1,-3.046545535E-1,1.021425544E0,1.137347743E0
2.934497292E1,4.125067386E-1,-2.748179662E-1,8.196369624E-1,9.578577525E-1
2.935492292E1,3.720491226E-1,-1.337585664E-1,3.767010212E-1,5.460911674E-1
2.936487292E1,3.304836054E-1,-1.585706413E-2,-2.901329935E-2,3.321334543E-1
2.937482392E1,2.761328588E-1,2.662880480E-2,-2.126398444E-1,3.495341935E-1
2.938477392E1,1.516975316E-1,-5.346167743E-2,-1.954045916E-1,2.530874285E-1
2.939472392E1,1.616389677E-2,-1.058492213E-1,9.974940598E-2,1.463395818E-1
2.940467492E1,-5.602392733E-2,-1.578941184E-1,3.772570914E-1,4.127858356E-1
2.941462492E1,-8.140288979E-2,-1.904397207E-1,5.740176523E-1,6.102376446E-1
2.942457492E1,-1.182254380E-1,-2.379039091E-1,7.748940682E-1,8.191680787E-1
2.943452492E1,-1.684939510E-1,-2.496112043E-1,8.576070267E-1,9.089476206E-1
2.944447592E1,-3.026477891E-1,-2.093203801E-1,8.174834329E-1,8.964875174E-1
2.945442592E1,-4.611777923E-1,-2.707740319E-1,6.166210502E-1,8.162261035E-1
2.946437592E1,-4.943388140E-1,-2.553435221E-1,5.269686162E-1,7.663335435E-1
2.947432692E1,-4.253539485E-1,-2.564299348E-1,4.062253672E-1,6.416395732E-1
2.948427692E1,-3.134318089E-1,-2.688172612E-1,3.931995249E-1,5.701825016E-1
2.949422692E1,-1.418212920E-1,-2.560261846E-1,6.543326676E-1,7.168081514E-1
2.950417792E1,4.525160193E-3,-2.520877925E-1,8.817636287E-1,9.171018641E-1
2.951412792E1,1.851371732E-1,-2.892433396E-1,1.116720541E0,1.168333107E0
2.952407792E1,2.735982370E-1,-4.395544964E-1,1.187901036E0,1.295829087E0
2.953402792E1,2.907913899E-1,-5.532384020E-1,1.346535412E0,1.484516749E0
2.954397892E1,3.085183936E-1,-5.936648816E-1,1.522984500E0,1.663461264E0
2.955392892E1,3.406058666E-1,-6.815996960E-1,1.436493655E0,1.626070270E0
2.956387892E1,3.514784718E-1,-6.770739511E-1,1.200490091E0,1.422372213E0
2.957382992E1,3.775959376E-1,-6.655134210E-1,1.017466979E0,1.273077319E0
2.958377992E1,5.196271446E-1,-5.808167946E-1,1.137155975E0,1.378580513E0
2.959372992E1,7.026207286E-1,-5.854521748E-1,1.159026316E0,1.476405140E0
2.960368092E1,9.429670197E-1,-5.814275363E-1,1.264894833E0,1.681429070E0
2.961363092E1,1.196727408E0,-4.811112428E-1,1.269419408E0,1.809709963E0
2.962358092E1,1.373114223E0,-5.156568852E-1,9.141741604E-1,1.728311051E0
2.963353192E1,1.409493845E0,-4.929220337E-1,7.824475014E-1,1.685784423E0
2.964348192E1,1.182065807E0,-5.270721120E-1,6.823501861E-1,1.463108458E0
2.965343192E1,7.647830629E-1,-6.785129508E-1,6.190072989E-1,1.195174880E0
2.966338292E1,4.641280049E-1,-6.773370758E-1,9.538293922E-1,1.258566974E0
2.967333292E1,4.262576357E-1,-7.694947493E-1,1.026647108E0,1.351969683E0
2.968328292E1,4.749780983E-1,-7.086670420E-1,7.286566257E-1,1.121941910E0
2.969323292E1,6.112945291E-1,-6.383709383E-1,2.267199397E-1,9.124693898E-1
2.970318392E1,6.249071395E-1,-5.584780920E-1,-1.900637448E-2,8.383125637E-1
2.971313392E1,6.057364583E-1,-5.657032040E-1,-1.532894361E-1,8.428727206E-1
2.972308392E1,5.237362754E-1,-4.123843856E-1,1.744329679E-1,6.890482044E-1
2.973303492E1,4.542766160E-1,-5.114245243E-1,4.833665138E-1,8.375950541E-1
2.974298492E1,3.566719687E-1,-7.234005636E-1,9.555245000E-1,1.250420065E0
2.975293492E1,6.597881198E-2,-8.901657853E-1,1.353348003E0,1.621202994E0
2.976288592E1,1.252649009E-2,-1.032097443E0,1.057259036E0,1.477558362E0
2.977283592E1,1.174898583E-1,-9.189459269E-1,5.678447467E-1,1.086606249E0
2.978278592E1,5.521473116E-1,-7.818187065E-1,2.532259530E-1,9.900659204E-1
2.979273692E1,9.150980204E-1,-5.953231519E-1,3.277364373E-3,1.091707279E0
2.980268692E1,1.026893275E0,-6.023795718E-1,1.533689582E-1,1.200372019E0
2.981263692E1,9.165539771E-1,-7.220372853E-1,5.052263296E-1,1.271480506E0
2.982258692E1,7.127153617E-1,-7.652926478E-1,1.007292239E0,1.451989559E0
2.983253792E1,4.175186795E-1,-1.009680900E0,1.284350274E0,1.686218548E0
2.984248792E1,1.796615481E-1,-1.144388031E0,1.199470337E0,1.667522511E0
2.985243792E1,4.840371895E-1,-1.193519260E0,9.057547545E-1,1.574538631E0
2.986238892E1,1.413354469E0,-1.019968126E0,3.095106661E-1,1.770226732E0
2.987233892E1,2.683839240E0,-3.327781990E-1,-4.646992779E-1,2.744026205E0
2.988228892E1,3.602479504E0,1.029109955E-4,-1.222820023E0,3.804358999E0
2.989223992E1,3.946586975E0,1.448342161E-1,-1.557122299E0,4.245133162E0
2.990218992E1,3.826330215E0,5.911344990E-2,-1.667193795E0,4.174186443E0
2.991213992E1,3.392308939E0,-1.663613252E-1,-1.374172277E0,3.663848451E0
2.992209092E1,2.904921879E0,-5.469772035E-1,-1.000754467E0,3.120779500E0
2.993204092E1,2.610263726E0,-9.172772777E-1,-5.168541026E-1,2.814606986E0
2.994199092E1,2.693049774E0,-1.126814882E0,-2.938503608E-1,2.934037644E0
2.995194092E1,2.980553275E0,-1.265901285E0,-9.174222887E-2,3.239540172E0
2.996189192E1,3.233698536E0,-1.428401840E0,1.649791896E-1,3.538976713E0
2.997184192E1,3.492789831E0,-1.669765693E0,2.658965769E-1,3.880515335E0
2.998179192E1,3.451306175E0,-1.920562712E0,2.401811072E-1,3.956989059E0
2.999174292E1,3.141930580E0,-2.219545320E0,3.662485385E-1,3.864226596E0
3.000169292E1,2.651180786E0,-2.645218088E0,4.270218667E-1,3.769388010E0
3.001164292E1,2.152911474E0,-2.948837977E0,3.947616085E-1,3.672398393E0
3.002159392E1,1.664166107E0,-2.958920331E0,-3.410493779E-1,3.411887019E0
3.003154392E1,1.216043685E0,-2.477524621E0,-2.277445035E0,3.578218325E0
3.004149392E1,5.728680897E-1,-1.897920101E0,-4.095506787E0,4.550104878E0
3.005144492E1,-2.756903708E-2,-1.579243778E0,-4.805356429E0,5.058282452E0
3.006139492E1,-4.662417734E-1,-9.673902547E-1,-4.292090178E0,4.424394127E0
3.007134492E1,-1.042048089E0,-7.562324602E-1,-3.380626202E0,3.617510922E0
3.008129592E1,-1.526133810E0,-6.373649248E-1,-2.692406580E0,3.159805635E0
3.009124592E1,-1.706297050E0,-5.143000388E-1,-2.346243228E0,2.946321679E0
3.010119592E1,-1.611547598E0,-6.327729602E-1,-2.411673571E0,2.968780337E0
3.011114592E1,-1.285211568E0,-6.308625287E-1,-2.744513458E0,3.095498413E0
3.012109692E1,-8.279411781E-1,-7.231985423E-1,-3.050782428E0,3.242803748E0
3.013104692E1,-5.246671522E-1,-8.815252816E-1,-3.113514866E0,3.278160652E0
3.014099692E1,-4.447216809E-1,-9.813089669E-1,-3.136549387E0,3.316426800E0
3.015094792E1,-6.023327941E-1,-1.166665995E0,-2.915726949E0,3.197714493E0
3.016089792E1,-1.069518308E0,-1.075264732E0,-2.860266109E0,3.237465964E0
3.017084792E1,-1.387916157E0,-1.378175719E0,-2.380822492E0,3.081232758E0
3.018079892E1,-1.641892308E0,-1.140026812E0,-2.019744646E0,2.841626280E0
3.019074892E1,-1.624747102E0,-8.345731632E-1,-1.709577922E0,2.501793793E0
3.020069892E1,-1.356887323E0,-6.725721797E-1,-1.827277696E0,2.373276284E0
3.021064992E1,-9.234916985E-1,-4.879949139E-1,-2.171862885E0,2.409971855E0
3.022059992E1,-6.633911741E-1,-3.875694967E-1,-2.465093733E0,2.582050557E0
3.023054992E1,-6.350473809E-1,-5.576426710E-1,-2.676293993E0,2.806563746E0
3.024049992E1,-8.176945174E-1,-7.334636948E-1,-2.309067800E0,2.557027067E0
3.025045092E1,-1.011159003E0,-7.659386189E-1,-1.602428280E0,2.043741884E0
3.026040092E1,-1.149703515E0,-8.415987390E-1,-9.352598047E-1,1.704352520E0
3.027035092E1,-1.159813351E0,-7.657103582E-1,-6.675286639E-1,1.541776209E0
3.028030192E1,-9.962456793E-1,-6.760509076E-1,-7.577687430E-1,1.422590507E0
3.029025192E1,-7.270217443E-1,-5.067506987E-1,-1.033498875E0,1.361424552E0
3.030020142E1,-5.361405587E-1,-4.409144126E-1,-1.401430242E0,1.563924212E0
3.031015242E1,-5.203875750E-1,-5.899712685E-1,-1.542923505E0,1.731901345E0
3.032010242E1,-5.970182598E-1,-8.025784416E-1,-1.549838423E0,1.844603506E0
3.033005242E1,-8.006077838E-1,-1.142569474E0,-1.545591005E0,2.082135774E0
3.034000342E1,-1.029740285E0,-1.315551016E0,-1.455059735E0,2.215454437E0
3.034995342E1,-1.240723613E0,-1.429303919E0,-1.669656057E0,2.523897012E0
3.035990342E1,-1.382835512E0,-1.382967951E0,-2.015987810E0,2.808743715E0
3.036985442E1,-1.275730308E0,-1.225107235E0,-2.293496665E0,2.896291164E0
3.037980442E1,-1.014909407E0,-1.087978626E0,-2.667552406E0,3.054435207E0
3.038975442E1,-8.208128375E-1,-1.146059530E0,-3.336835234E0,3.622382578E0
3.039970442E1,-6.658364797E-1,-1.249705375E0,-3.843506995E0,4.096052705E0
3.040965542E1,-4.470523810E-1,-1.324990030E0,-4.145995156E0,4.375469145E0
3.041960542E1,-2.747460455E-1,-1.410145956E0,-4.159310435E0,4.400438649E0
3.042955542E1,-1.463715953E-1,-1.232216791E0,-4.065552671E0,4.250705987E0
3.043950642E1,2.630720794E-2,-1.067057215E0,-3.862037991E0,4.006824256E0
3.044945642E1,1.902216196E-1,-8.697722320E-1,-3.630549062E0,3.738124462E0
3.045940642E1,3.508165669E-1,-7.796240272E-1,-3.433193840E0,3.538037002E0
3.046935742E1,5.344097829E-1,-9.582424320E-1,-3.266547024E0,3.445889121E0
3.047930742E1,5.722798598E-1,-1.337068331E0,-3.178160512E0,3.495133789E0
3.048925742E1,5.172306633E-1,-1.767219482E0,-2.940741338E0,3.469661636E0
3.049920842E1,3.606492448E-1,-1.943993090E0,-2.676876376E0,3.327888842E0
3.050915842E1,1.833452940E-1,-1.817082198E0,-2.332530045E0,2.962448248E0
3.051910842E1,6.390129626E-2,-1.513402668E0,-2.086247368E0,2.578158081E0
3.052905942E1,4.717130131E-1,-1.282833944E0,-1.815094437E0,2.272167228E0
3.053900942E1,1.558508674E0,-1.186183343E0,-1.746394916E0,2.624095161E0
3.054895942E1,2.216088300E0,-1.059385303E0,-1.984031315E0,3.157487107E0
3.055890942E1,2.717230935E0,-1.317979365E0,-1.814054802E0,3.522954496E0
3.056886042E1,2.969068758E0,-1.495484899E0,-1.705911133E0,3.736572918E0
3.057881042E1,2.858611346E0,-1.666132525E0,-2.017722679E0,3.875417556E0
3.058876042E1,2.710909510E0,-2.007453068E0,-2.341451434E0,4.106250481E0
3.059871142E1,2.276327485E0,-1.765416347E0,-2.100237417E0,3.565018780E0
3.060866142E1,2.101037316E0,-1.615641087E0,-1.797894267E0,3.202667282E0
3.061861142E1,2.366442434E0,-1.716808297E0,-1.629038959E0,3.346826624E0
3.062856242E1,2.965251696E0,-1.832433478E0,-1.351906664E0,3.738740657E0
3.063851242E1,3.635053757E0,-1.913231327E0,-1.275045015E0,4.301140514E0
3.064846242E1,4.182157845E0,-2.177887125E0,-1.791092786E0,5.043971644E0
3.065841342E1,4.559602340E0,-2.711465580E0,-2.003241464E0,5.670537493E0
3.066836342E1,4.696520450E0,-2.877628831E0,-1.442009919E0,5.693631936E0
3.067831342E1,4.884688527E0,-3.248571514E0,-4.971688664E-1,5.887323311E0
3.068826342E1,4.879695882E0,-3.254787981E0,9.287939537E-1,5.938664405E0
3.069821442E1,4.824042376E0,-3.039658977E0,1.948004572E0,6.025415617E0
3.070816442E1,4.922786645E0,-2.808856219E0,1.701791770E0,5.917735787E0
3.071811442E1,4.566470772E0,-2.711072939E0,1.148527055E0,5.433386255E0
3.072806542E1,3.898165306E0,-2.725241328E0,1.067798642E0,4.874713015E0
3.073801542E1,3.279398035E0,-2.763250276E0,1.215541409E0,4.457302376E0
3.074796542E1,2.667487502E0,-2.927112063E0,1.727180380E0,4.320489169E0
3.075791642E1,2.061708359E0,-3.015710828E0,2.869495938E0,4.645337458E0
3.076786642E1,1.515323186E0,-2.818302688E0,4.130625165E0,5.225045325E0
3.077781642E1,1.458899601E0,-2.343797630E0,5.022094002E0,5.730899017E0
3.078776742E1,1.607089973E0,-1.795302197E0,5.201787125E0,5.732751299E0
3.079771742E1,1.764864808E0,-1.373548964E0,4.747539745E0,5.247906075E0
3.080766742E1,1.655734422E0,-9.867644191E-1,3.632448238E0,4.112157669E0
3.081761842E1,1.227153687E0,-8.143896711E-1,2.646342216E0,3.028574554E0
3.082756842E1,6.381817809E-1,-8.054504478E-1,1.767730236E0,2.044724088E0
3.083751842E1,2.810512443E-1,-7.264878935E-1,1.635442244E0,1.811476137E0
3.084746842E1,1.487062423E-1,-5.724365652E-1,1.774807121E0,1.870758532E0
3.085741942E1,2.066082953E-1,-4.832185793E-1,1.697922083E0,1.777393198E0
3.086736942E1,3.701568174E-1,-3.695183015E-1,1.802087891E0,1.876454265E0
3.087731942E1,7.140141745E-1,-9.327156812E-1,1.876752741E0,2.214040568E0
3.088727042E1,8.614618036E-1,-1.334786602E0,1.449109608E0,2.150276812E0
3.089722042E1,2.041527571E-1,7.289103949E-1,1.655763073E0,1.820587835E0
3.090717042E1,1.066985294E-1,1.908396703E-1,1.704296132E0,1.718263560E0
3.091712142E1,4.842320479E-1,-8.518521971E-1,7.501439738E-1,1.234037610E0
3.092707142E1,2.054087390E-1,-4.061984700E-1,1.996461618E-1,4.970397741E-1
3.093702142E1,-1.331760375E-1,1.827196419E-1,2.493632823E-1,3.366071465E-1
3.094697242E1,-3.961177240E-1,1.189738816E-1,1.540764713E-1,4.413656022E-1
3.095692242E1,-7.355389448E-1,8.420575261E-2,2.655957377E-1,7.865425887E-1
3.096687242E1,-7.395565666E-1,9.689304113E-2,7.449726963E-1,1.054189971E0
3.097682342E1,-3.665466003E-1,-1.089628637E-1,1.030961183E0,1.099595506E0
3.098677342E1,3.413589880E-1,-4.717083353E-1,7.855418479E-1,9.778091363E-1
3.099672342E1,6.222326231E-1,-9.471846163E-2,4.062446630E-1,7.491193166E-1
3.100667342E1,7.543864211E-1,-8.985065460E-2,2.053717554E-1,7.869876558E-1
3.101662442E1,5.524500512E-1,-1.149679542E-1,-2.476506329E-1,6.162382051E-1
3.102657442E1,1.819065866E-1,-4.009143412E-2,-2.738379729E-1,3.311866011E-1
3.103652442E1,-6.210298508E-2,-9.589082837E-2,-3.282159090E-2,1.188658427E-1
3.104647542E1,-1.875795552E-1,-1.343935740E-1,9.001730025E-2,2.476910104E-1
3.105642542E1,4.141919062E-2,-2.000654072E-1,2.544819349E-1,3.263476240E-1
3.106637542E1,3.506705327E-1,-2.351223886E-1,1.693815583E-1,4.549093013E-1
3.107632642E1,5.564948626E-1,-2.138034403E-1,3.367762327E-2,5.971035300E-1
3.108627642E1,4.772813165E-1,1.461534941E-1,2.299826860E-2,4.996871214E-1
3.109622642E1,3.352129796E-1,1.293216991E-1,-3.817764044E-2,3.613161715E-1
3.110617742E1,1.936822942E-1,1.748738480E-1,-1.676080978E-1,3.101389499E-1
3.111612742E1,1.171700156E-1,1.434345388E-1,-3.014064252E-1,3.537627915E-1
3.112607742E1,9.159867972E-2,9.773913324E-2,-4.261211032E-1,4.466793602E-1
3.113602842E1,-4.547730446E-2,2.714920700E-2,-4.539322150E-1,4.570117290E-1
3.114597842E1,-2.747021914E-1,1.019245702E-1,-4.027889585E-1,4.980851906E-1
3.115592842E1,-3.258504179E-1,7.867779493E-2,-5.411545461E-1,6.365665190E-1
3.116587842E1,-2.719004980E-1,2.231239021E-2,-6.184038663E-1,6.759075864E-1
3.117582942E1,-2.283951670E-1,3.349577487E-2,-5.271206439E-1,5.754498175E-1
3.118577942E1,-2.620724979E-1,1.962793350E-1,-2.783812594E-1,4.297716802E-1
3.119572942E1,-2.134663484E-1,1.589565575E-1,-2.175082362E-1,3.437221288E-1
3.120568042E1,-9.553268641E-2,2.240653038E-2,-9.958451450E-2,1.398056591E-1
3.121563042E1,6.302041322E-2,-9.660886645E-2,1.274839193E-1,1.719214798E-1
3.122558042E1,2.328785196E-1,-3.441320300E-2,2.270403671E-1,3.270535151E-1
3.123553142E1,2.725463229E-1,-8.634992659E-2,-1.633478165E-2,2.863645108E-1
3.124548142E1,1.719081402E-1,-9.182701349E-2,-1.998186547E-1,2.791273971E-1
3.125543142E1,1.279543278E-1,-1.061544460E-1,-3.105409455E-1,3.522453055E-1
3.126538242E1,2.398384604E-1,-1.038950819E-1,-3.230282593E-1,4.155284965E-1
3.127533242E1,2.819860679E-1,-6.585894406E-2,-1.701662546E-1,3.358721441E-1
3.128528242E1,2.575023142E-1,-1.585992926E-1,1.192077702E-1,3.250717919E-1
3.129523367E1,1.808099413E-1,-2.166545427E-1,4.144997621E-1,5.014394066E-1
3.130518367E1,9.051665246E-2,-2.450264025E-1,4.888938868E-1,5.542999502E-1
3.131513367E1,6.376271725E-2,-2.888050908E-1,4.021030802E-1,4.991602465E-1
3.132508467E1,1.343631685E-2,-2.042227775E-1,3.860518885E-1,4.369479809E-1
3.133503467E1,-2.527225077E-2,-1.176342845E-1,2.507040489E-1,2.780809804E-1
3.134498467E1,-1.198044786E-1,-6.683542907E-2,1.391520381E-1,1.954056739E-1
3.135493467E1,-2.040195867E-1,-7.212949812E-2,1.635349274E-2,2.170117347E-1
3.136488567E1,-2.383605766E-1,3.519439101E-3,-5.946384430E-2,2.456910656E-1
3.137483567E1,-2.550377128E-1,7.347318828E-2,-3.295385492E-1,4.231290580E-1
3.138478567E1,-2.570649424E-1,6.188576102E-2,-6.056312084E-1,6.608338616E-1
3.139473667E1,-2.304428619E-1,7.515835583E-2,-7.953628314E-1,8.314774348E-1
3.140468667E1,-2.713301021E-1,8.316845655E-2,-8.819144869E-1,9.264503109E-1
3.141463667E1,-3.615836298E-1,8.943842590E-2,-8.096709681E-1,8.912401640E-1
3.142458767E1,-3.833776644E-1,8.817074955E-2,-4.715042675E-1,6.140592715E-1
3.143453767E1,-2.652685860E-1,7.514256835E-3,-2.544322336E-1,3.676406510E-1
3.144448767E1,-7.915697426E-2,1.948643088E-2,8.890983760E-2,1.206254815E-1
3.145443867E1,1.548526892E-1,-8.768309176E-2,1.461757135E-1,2.302933329E-1
3.146438867E1,2.683778429E-1,-1.243778783E-1,1.041073358E-1,3.135838971E-1
3.147433867E1,2.298923466E-1,-6.097418010E-2,-2.958106399E-2,2.396734883E-1
3.148428967E1,1.184482169E-1,-9.972660184E-2,-2.241822481E-1,2.724574381E-1
3.149423967E1,-2.927730113E-2,-1.455377823E-1,-2.518220365E-1,2.923230140E-1
3.150418967E1,-9.390394449E-2,-1.947590590E-1,-7.967825353E-2,2.304293079E-1
3.151414067E1,-8.169261932E-2,-1.920529675E-1,2.175316250E-1,3.014598386E-1
3.152409067E1,5.343887329E-2,-1.144680172E-1,5.595007700E-1,5.735849996E-1
3.153404067E1,2.816080454E-1,-7.334688842E-2,6.684572017E-1,7.290527332E-1
3.154399067E1,3.840775761E-1,-4.730163574E-2,5.505749953E-1,6.729679447E-1
3.155394167E1,3.334123296E-1,-7.231777847E-2,4.528925800E-1,5.670144016E-1
3.156389167E1,1.877593571E-1,-1.148831695E-1,1.806555748E-1,2.847598208E-1
3.157384167E1,5.079739362E-2,-1.419826752E-1,2.434839070E-2,1.527491387E-1
3.158379267E1,-7.429589152E-2,-1.276359469E-1,-5.661274195E-3,1.477933167E-1
3.159374267E1,-2.569535530E-1,-1.649177939E-1,3.987567186E-2,3.079173206E-1
3.160369267E1,-3.857153812E-1,-1.031261730E-1,1.599178398E-1,4.300989169E-1
3.161364367E1,-4.035113820E-1,-7.431577206E-2,6.070286930E-2,4.147639181E-1
3.162359367E1,-2.735336253E-1,-3.872669399E-2,-7.682364285E-2,2.867442643E-1
3.163354367E1,-8.871571004E-2,2.375138998E-3,-2.451953870E-1,2.607621451E-1
3.164349467E1,1.065742761E-1,8.143972725E-2,-2.896909440E-1,3.192355690E-1
3.165344467E1,1.908458099E-1,8.638413280E-2,-4.017990249E-1,4.531300012E-1
3.166339467E1,1.941912943E-1,3.816389948E-2,-4.093939734E-1,4.547198780E-1
3.167334567E1,1.194328880E-1,-3.933714330E-2,-2.110277671E-1,2.456508580E-1
3.168329567E1,3.934883773E-3,-1.755994874E-1,7.297383606E-2,1.901994849E-1
3.169324567E1,-5.588827193E-2,-3.257173938E-1,4.029713917E-1,5.211537797E-1
3.170319567E1,-6.102095783E-2,-4.454373801E-1,7.166750962E-1,8.460267196E-1
3.171314667E1,-1.298529187E-1,-4.943768209E-1,1.000303062E0,1.123332737E0
3.172309667E1,-1.648461655E-1,-5.347459978E-1,1.168999327E0,1.296027379E0
3.173304667E1,-7.522939950E-2,-5.548162732E-1,1.174276439E0,1.300924946E0
3.174299767E1,1.213083825E-1,-4.915160707E-1,1.233140359E0,1.333018723E0
3.175294767E1,3.983304566E-1,-4.325363758E-1,1.208227127E0,1.343714129E0
3.176289767E1,5.490222672E-1,-3.375071347E-1,1.177252087E0,1.342109903E0
3.177284867E1,4.790267104E-1,-3.393811673E-1,1.201402842E0,1.337166764E0
3.178279867E1,3.098983365E-1,-3.932501033E-1,1.293791188E0,1.387291700E0
3.179274867E1,3.543266505E-2,-5.114319795E-1,1.421234761E0,1.510869415E0
3.180269967E1,-1.747925717E-1,-5.714893162E-1,1.586291134E0,1.695131866E0
3.181264967E1,-2.701048180E-1,-6.424759760E-1,1.798642711E0,1.928949868E0
3.182259967E1,-2.608483833E-1,-6.853764126E-1,2.079242404E0,2.204774746E0
3.183255067E1,-6.013218105E-2,-6.985250464E-1,2.216825050E0,2.325051918E0
3.184250067E1,2.948446798E-1,-5.949106309E-1,1.790950699E0,1.910067132E0
3.185245067E1,6.677830178E-1,-5.421532506E-1,1.226797299E0,1.498297674E0
3.186240167E1,9.399811390E-1,-4.272142401E-1,8.043131644E-1,1.308814813E0
3.187235167E1,1.118722043E0,-3.637076309E-1,5.426268750E-1,1.295479130E0
3.188230167E1,1.243268029E0,-4.416285038E-1,6.468073010E-1,1.469391306E0
3.189225267E1,1.122933208E0,-5.902042070E-1,1.009667378E0,1.621341485E0
3.190220267E1,7.753767559E-1,-6.794055283E-1,1.465135072E0,1.791485910E0
3.191215267E1,3.575654233E-1,-7.357776573E-1,1.496827565E0,1.705788543E0
3.192210267E1,3.026843342E-1,-6.815619814E-1,1.460398827E0,1.639789400E0
3.193205367E1,5.074014938E-1,-6.070248923E-1,1.554685180E0,1.744414373E0
3.194200367E1,7.803673545E-1,-5.849311879E-1,1.765312997E0,2.016791432E0
3.195195367E1,1.012907905E0,-5.325068066E-1,1.853922873E0,2.178663797E0
3.196190467E1,1.082039243E0,-5.694214484E-1,1.853467374E0,2.220448382E0
3.197185467E1,9.564325726E-1,-6.365018758E-1,1.897405107E0,2.218117230E0
3.198180467E1,7.730609661E-1,-6.740181962E-1,2.197442114E0,2.425010440E0
3.199175567E1,8.984650308E-1,-6.995246279E-1,2.165811601E0,2.446898855E0
3.200170567E1,1.307454962E0,-6.206138214E-1,1.578063517E0,2.141234330E0
3.201165567E1,1.668821660E0,-5.049363077E-1,8.454126585E-1,1.937691660E0
3.202160667E1,1.875314911E0,-4.830734222E-1,3.265412664E-1,1.963872487E0
3.203155667E1,1.874362400E0,-4.799365371E-1,1.584057498E-1,1.941305197E0
3.204150667E1,1.733745049E0,-4.766857776E-1,2.710687315E-1,1.818400254E0
3.205145767E1,1.543485423E0,-5.261671092E-1,5.307675523E-1,1.714909115E0
3.206140767E1,1.572717408E0,-6.110835908E-1,8.998069668E-1,1.912201814E0
3.207135767E1,1.947100593E0,-4.921423075E-1,9.123241013E-1,2.205842251E0
3.208130867E1,2.464031294E0,-3.261395627E-1,7.123586816E-1,2.585589318E0
3.209125867E1,3.016768590E0,-1.778611904E-1,2.556560558E-1,3.032801897E0
3.210120867E1,3.304188475E0,-1.478711137E-1,-4.322893310E-1,3.335626090E0
3.211115867E1,3.346301292E0,-1.683887011E-1,-1.198180441E0,3.558331555E0
3.212110967E1,3.164627132E0,-1.626901509E-1,-1.974511755E0,3.733634910E0
3.213105967E1,2.876440092E0,-1.661701213E-1,-2.246075161E0,3.653268912E0
3.214100967E1,2.617176889E0,-4.253869852E-1,-2.507759112E0,3.649578704E0
3.215096067E1,2.423715912E0,-7.310729145E-1,-2.170939609E0,3.334943060E0
3.216091067E1,2.509439601E0,-9.609885769E-1,-1.582418523E0,3.118466697E0
3.217086067E1,2.737888563E0,-9.100378400E-1,-1.455103589E0,3.231335499E0
3.218081167E1,3.074523293E0,-1.031743614E0,-1.451927966E0,3.553207450E0
3.219076167E1,3.402978353E0,-1.148613740E0,-1.697964182E0,3.972739302E0
3.220071167E1,3.440869480E0,-1.189640217E0,-2.027995360E0,4.167444277E0
3.221066267E1,3.063555086E0,-8.916517089E-1,-1.948919954E0,3.738810174E0
3.222061267E1,2.553839849E0,-8.062430379E-1,-1.673892950E0,3.158170897E0
3.223056267E1,2.023043645E0,-9.036335309E-1,-1.712085208E0,2.800088375E0
3.224051367E1,1.530460165E0,-9.846244843E-1,-1.786315611E0,2.550042579E0
3.225046367E1,1.433651909E0,-1.294423272E0,-1.934622342E0,2.733798275E0
3.226041367E1,1.498327376E0,-1.749902660E0,-2.134886555E0,3.140841424E0
3.227036467E1,1.297745075E0,-1.861855936E0,-1.949295930E0,2.991722653E0
3.228031467E1,1.016267715E0,-2.188560778E0,-1.864631609E0,3.049499859E0
3.229026467E1,5.042118376E-1,-2.510641789E0,-1.730794690E0,3.090825461E0
3.230021512E1,-4.879337740E-1,-1.903833974E0,-1.187483106E0,2.296253317E0
3.231016513E1,-1.039900407E0,-1.479460166E0,-1.129636456E0,2.132199278E0
3.232011513E1,-1.544630308E0,-1.796456145E0,-2.218328515E0,3.245630735E0
3.233006512E1,-2.081405874E0,-1.570788411E0,-3.176581764E0,4.109780815E0
3.234001613E1,-2.449272922E0,-1.188252454E0,-3.869365722E0,4.731054093E0
3.234996613E1,-2.504782879E0,-1.089034560E0,-4.412601292E0,5.189507077E0
3.235991612E1,-2.461092483E0,-9.966792503E-1,-4.513044763E0,5.236212254E0
3.236986713E1,-2.359955533E0,-8.736740059E-1,-4.337512518E0,5.014649662E0
3.237981713E1,-2.133868847E0,-8.258747721E-1,-4.244490334E0,4.821946038E0
3.238976712E1,-2.009645335E0,-8.633530855E-1,-4.233172463E0,4.764850682E0
3.239971813E1,-1.985019202E0,-6.811070681E-1,-4.168461035E0,4.666934269E0
3.240966813E1,-1.745806686E0,-8.763257182E-1,-4.071396378E0,4.515756439E0
3.241961812E1,-1.579292602E0,-1.069854377E0,-4.100446515E0,4.522434647E0
3.242956913E1,-1.483508193E0,-1.217044728E0,-4.034489923E0,4.467561232E0
3.243951913E1,-1.434868129E0,-1.319610446E0,-3.920301987E0,4.378240051E0
3.244946912E1,-1.477094967E0,-1.245414249E0,-3.913036237E0,4.364025525E0
3.245942013E1,-1.522774585E0,-1.196931037E0,-3.890868273E0,4.346302136E0
3.246937013E1,-1.580912281E0,-1.120861393E0,-3.833588948E0,4.295581233E0
3.247932012E1,-1.662396154E0,-1.154393421E0,-3.468285320E0,4.015618035E0
3.248927112E1,-1.690551082E0,-1.391255210E0,-2.923782073E0,3.652677872E0
3.249922113E1,-1.724604682E0,-1.605091102E0,-2.493563826E0,3.430515895E0
3.250917112E1,-1.599231607E0,-1.585115698E0,-2.213122300E0,3.157220902E0
3.251912212E1,-1.239232573E0,-1.439953307E0,-2.549826027E0,3.179744591E0
3.252907213E1,-7.952950037E-1,-1.289304619E0,-3.230760895E0,3.568279208E0
3.253902212E1,-3.761086982E-1,-1.331564347E0,-3.813709584E0,4.056957254E0
3.254897212E1,-1.368891656E-1,-1.399463970E0,-3.888140254E0,4.134594621E0
3.255892313E1,5.318744302E-2,-1.576144753E0,-3.513846824E0,3.851516674E0
3.256887312E1,5.666092300E-1,-1.728374966E0,-2.839128424E0,3.371791253E0
3.257882312E1,1.280340838E0,-1.528879078E0,-2.631639392E0,3.301858535E0
3.258877413E1,1.911947132E0,-1.280889891E0,-2.899964610E0,3.702163623E0
3.259872412E1,2.171547720E0,-8.631474097E-1,-3.421648805E0,4.143467569E0
3.260867412E1,2.141838602E0,-5.252660532E-1,-3.775238706E0,4.372162430E0
3.261862513E1,1.734663062E0,-4.352096863E-1,-3.860256345E0,4.254414467E0
3.262857513E1,1.109548931E0,-6.054772439E-1,-3.710059501E0,3.919469738E0
3.263852512E1,9.304060310E-1,-1.132097914E0,-3.082467320E0,3.413049348E0
3.264847613E1,9.807616675E-1,-1.570211291E0,-2.548077418E0,3.149627831E0
3.265842613E1,1.035096919E0,-1.710163521E0,-1.954034221E0,2.795413142E0
3.266837612E1,1.339628681E0,-1.585716938E0,-1.634471607E0,2.642082634E0
3.267832713E1,1.694506139E0,-1.196825349E0,-2.091278898E0,2.945706944E0
3.268827713E1,2.166595128E0,-1.052974342E0,-2.627673225E0,3.564765910E0
3.269822712E1,2.805233284E0,-1.071448986E0,-3.072501326E0,4.296231035E0
3.270817813E1,3.467073777E0,-1.202377938E0,-2.947055746E0,4.706532784E0
3.271812813E1,3.911963273E0,-1.393084950E0,-2.496288044E0,4.845162156E0
3.272807812E1,4.239966343E0,-1.517613686E0,-2.039967241E0,4.943878259E0
3.273802812E1,4.568467596E0,-1.659637877E0,-1.821062690E0,5.190526310E0
3.274797913E1,4.926054654E0,-1.606181754E0,-1.574912453E0,5.415365502E0
3.275792912E1,5.340484834E0,-1.459406847E0,-1.333650488E0,5.694670336E0
3.276787912E1,5.909846349E0,-1.487077333E0,-1.294090565E0,6.229956120E0
3.277783013E1,6.382462757E0,-1.641317673E0,-9.655612457E-1,6.660485197E0
3.278778012E1,6.545310051E0,-1.868871572E0,-3.429672647E-1,6.815525744E0
3.279773012E1,6.196742908E0,-2.168363034E0,2.847681731E-1,6.571340337E0
3.280768113E1,5.090325161E0,-2.226520610E0,1.125646316E0,5.668852080E0
3.281763112E1,3.686112814E0,-2.351260723E0,1.779041090E0,4.720258665E0
3.282758112E1,2.557200536E0,-2.426551226E0,2.169404715E0,4.139292482E0
3.283753213E1,1.856894281E0,-2.360166033E0,2.522748449E0,3.922078507E0
3.284748212E1,1.609298174E0,-2.067950846E0,2.996159493E0,3.980355891E0
3.285743212E1,1.669673014E0,-1.792273631E0,3.135226747E0,3.978655489E0
3.286738313E1,1.987389809E0,-1.449956869E0,3.263792986E0,4.087106290E0
3.287733312E1,2.375282840E0,-1.244805554E0,3.226860802E0,4.195728789E0
3.288728312E1,2.540718112E0,-1.096208801E0,2.982021511E0,4.068092249E0
3.289723312E1,2.365769127E0,-9.307115480E-1,2.906938584E0,3.861784494E0
3.290718412E1,1.892208979E0,-8.340939108E-1,2.878986554E0,3.544676438E0
3.291713412E1,1.256608744E0,-9.896307242E-1,2.930305227E0,3.338431253E0
3.292708412E1,7.207363529E-1,-9.932425493E-1,3.229017840E0,3.454352018E0
3.293703513E1,2.994652958E-1,-9.286588830E-1,3.346228201E0,3.485588897E0
3.294698512E1,-1.681447260E-2,-7.431173748E-1,2.708617401E0,2.808756733E0
3.295693512E1,-1.766028696E-1,-7.009700596E-1,1.786834844E0,1.927518186E0
3.296688613E1,-1.155301639E-1,-5.733522391E-1,1.357423512E0,1.478065831E0
3.297683612E1,9.899365336E-2,-6.233856940E-1,1.219064941E0,1.372781410E0
3.298678612E1,3.066453112E-1,-5.705151701E-1,1.638832460E0,1.762183514E0
3.299673713E1,5.299759123E-1,-5.553387219E-1,2.078115646E0,2.215364575E0
3.300668712E1,6.916561760E-1,-5.586312890E-1,2.271835070E0,2.439608937E0
3.301663712E1,7.535954390E-1,-5.526443249E-1,2.200644634E0,2.390848938E0
3.302658813E1,7.331038718E-1,-5.111173993E-1,1.959487334E0,2.153664992E0
3.303653812E1,5.666117882E-1,-5.286058366E-1,1.677380229E0,1.847722242E0
3.304648812E1,3.169707631E-1,-5.587850708E-1,1.304020892E0,1.453678681E0
3.305643913E1,7.150165334E-2,-4.779145700E-1,1.053598679E0,1.159131139E0
3.306638912E1,-1.162255441E-1,-4.035596216E-1,1.009822329E0,1.093668086E0
3.307633912E1,-2.456083466E-1,-3.213653111E-1,9.202026397E-1,1.005172633E0
3.308628912E1,-2.663122409E-1,-3.074115157E-1,7.983466655E-1,8.959807185E-1
3.309624012E1,-1.737539600E-1,-2.770048249E-1,6.453092444E-1,7.234266601E-1
3.310619012E1,2.069315001E-2,-2.234753197E-1,4.022738189E-1,4.606448201E-1
3.311614012E1,1.114558972E-1,-8.941620648E-2,-8.235101581E-2,1.649222993E-1
3.312609112E1,1.185468156E-1,2.095115840E-2,-6.063422298E-1,6.181773194E-1
3.313604112E1,-1.205111146E-3,1.275350824E-1,-1.072344267E0,1.079902254E0
3.314599112E1,-3.148440577E-2,6.954122812E-2,-1.201729701E0,1.204151786E0
3.315594212E1,-5.438612223E-2,4.748874664E-2,-9.232928932E-1,9.261116552E-1
3.316589212E1,-1.591876687E-1,2.372683167E-2,-4.562968290E-1,4.838496384E-1
3.317584212E1,-2.380766943E-1,-5.079008460E-2,-3.503183842E-2,2.459418118E-1
3.318579312E1,-2.064093438E-1,-1.392271748E-1,1.484362471E-1,2.898660775E-1
3.319574312E1,-9.344479188E-2,-1.171273309E-1,1.167648035E-1,1.899598908E-1
3.320569312E1,1.023879620E-1,-8.544477761E-2,1.406547725E-1,1.938243272E-1
3.321564313E1,2.023120536E-1,-1.384974423E-1,-2.527985215E-2,2.464767321E-1
3.322559412E1,2.254193728E-1,-8.583361745E-2,-2.803704822E-1,3.698498490E-1
3.323554412E1,3.048570134E-1,2.165253192E-2,-4.700705302E-1,5.606896950E-1
3.324549413E1,4.194739884E-1,1.168779472E-1,-5.079324210E-1,6.690397789E-1
3.325544512E1,4.337188290E-1,1.429237846E-1,-6.270823038E-1,7.757392903E-1
3.326539512E1,3.286192207E-1,8.833564103E-2,-6.844101602E-1,7.643369970E-1
3.327534513E1,1.766514015E-1,7.916252911E-2,-6.323857284E-1,6.613502348E-1
3.328529612E1,4.166535839E-2,-7.124832273E-4,-6.430627441E-1,6.444115165E-1
3.329524625E1,-6.365498230E-2,-3.493302047E-2,-5.893876433E-1,5.938434700E-1
3.330519625E1,-1.411326362E-1,-1.268231839E-2,-4.725240219E-1,4.933135042E-1
3.331514725E1,-1.760172710E-1,1.995040745E-2,-3.983345497E-1,4.359478316E-1
3.332509725E1,-2.758111158E-1,3.538998038E-2,-4.678123355E-1,5.442174230E-1
3.333504725E1,-3.826353604E-1,7.396289259E-2,-6.498513615E-1,7.577513580E-1
3.334499825E1,-3.840848851E-1,1.343947434E-1,-9.877724791E-1,1.068305956E0
3.335494825E1,-3.471940707E-1,1.486052316E-1,-1.343835168E0,1.395894049E0
3.336489825E1,-2.821031584E-1,1.562870112E-1,-1.447727326E0,1.483213482E0
3.337484925E1,-1.805174343E-1,1.059924781E-1,-1.119093926E0,1.138504354E0
3.338479925E1,-1.324518599E-1,-1.821670800E-2,-6.352964723E-1,6.492125625E-1
3.339474925E1,-4.784396499E-2,-1.887361345E-1,-1.010971892E-1,2.193878189E-1
3.340469925E1,1.281667279E-1,-2.458754182E-1,4.141653013E-1,4.984118059E-1
3.341465025E1,2.812541427E-1,-2.746171144E-1,5.828574729E-1,7.030229626E-1
3.342460025E1,3.419233905E-1,-3.354109079E-1,4.836302233E-1,6.806689907E-1
3.343455025E1,2.929079358E-1,-2.839799684E-1,2.422057056E-1,4.744505087E-1
3.344450125E1,1.985993640E-1,-2.813317645E-1,8.403735280E-2,3.544736178E-1
3.345445125E1,1.320255978E-1,-2.882203692E-1,7.832462311E-2,3.265524250E-1
3.346440125E1,1.159002927E-1,-2.642058545E-1,2.046876311E-1,3.537437459E-1
3.347435225E1,1.721879295E-1,-2.396200669E-1,5.170341969E-1,5.953073326E-1
3.348430225E1,2.688571684E-1,-2.150173223E-1,6.533807409E-1,7.385276017E-1
3.349425225E1,3.537255567E-1,-1.929323888E-1,5.593183368E-1,6.893342281E-1
3.350420325E1,2.879423341E-1,-1.281505018E-1,3.112940669E-1,4.429868339E-1
3.351415325E1,9.238863856E-2,-1.876263329E-1,-3.111771226E-2,2.114417493E-1
3.352410325E1,-9.816963449E-2,-1.919132191E-1,-2.821468663E-1,3.550701550E-1
3.353405325E1,-2.929243080E-1,-1.992897740E-1,-2.834519649E-1,4.537246749E-1
3.354400425E1,-4.592771548E-1,-1.823170611E-1,-1.166998994E-1,5.077340664E-1
3.355395425E1,-5.294978294E-1,-1.320845085E-1,6.443631649E-2,5.495146109E-1
3.356390425E1,-4.452762893E-1,-8.750328988E-2,1.153936315E-1,4.682344388E-1
3.357385525E1,-2.491064434E-1,3.603639007E-3,8.963957012E-2,2.647683117E-1
3.358380525E1,-2.659693748E-2,8.448905021E-2,-1.762947214E-1,1.972957817E-1
3.359375525E1,6.330926567E-2,1.241241091E-1,-4.893476307E-1,5.087985469E-1
3.360370625E1,7.024903357E-2,1.238443199E-1,-5.430016816E-1,5.613583245E-1
3.361365625E1,3.490670800E-2,7.984636098E-2,-4.696267265E-1,4.776433626E-1
3.362360625E1,-1.234858856E-2,6.476960778E-3,-2.503555548E-1,2.507435792E-1
3.363355725E1,-1.304689229E-2,-4.331266522E-2,8.043429852E-2,9.228155149E-2
3.364350725E1,3.201701403E-2,-7.400089949E-2,2.207674742E-1,2.350308490E-1
3.365345725E1,4.792041734E-2,-1.103913385E-1,1.681191444E-1,2.067526559E-1
3.366340725E1,8.985767126E-2,-9.825047225E-2,-6.627000332E-2,1.487254844E-1
3.367335825E1,1.102780487E-1,-7.032563210E-2,-3.301577693E-1,3.551212401E-1
3.368330825E1,1.210092974E-1,-5.541143149E-2,-4.313783348E-1,4.514431797E-1
3.369325825E1,1.692038029E-1,-2.487230122E-2,-4.138314253E-1,4.477778544E-1
3.370320925E1,2.240701278E-1,3.891614377E-3,-3.073530436E-1,3.803793635E-1
3.371315925E1,3.287263709E-1,-2.339383274E-2,-5.637183666E-2,3.343442572E-1
3.372310925E1,4.317209816E-1,-5.454165816E-2,2.063880014E-1,4.816158278E-1
3.373306025E1,5.013155656E-1,-2.524535358E-2,4.126713377E-1,6.498094006E-1
3.374301025E1,5.045897140E-1,1.161637098E-2,3.483736002E-1,6.132779833E-1
3.375296025E1,3.279505916E-1,1.102170914E-2,3.279703259E-2,3.297706990E-1
3.376291125E1,1.205994076E-1,-3.378082663E-2,-2.276742053E-1,2.598478499E-1
3.377286125E1,-7.987150401E-2,-6.303386182E-2,-3.660187429E-1,3.798979403E-1
3.378281125E1,-2.488656843E-1,-2.590667367E-2,-2.636035913E-1,3.634448210E-1
3.379276125E1,-2.645993721E-1,-2.976495892E-2,-1.783295524E-1,3.204687345E-1
3.380271225E1,-2.327099736E-1,-3.298414350E-3,-6.194891095E-2,2.408370381E-1
3.381266225E1,-1.892125364E-1,4.976272881E-3,4.675550580E-2,1.949672396E-1
3.382261225E1,-1.935285124E-1,2.655542225E-2,1.036278641E-1,2.211271349E-1
3.383256325E1,-1.860120629E-1,2.677147686E-3,1.191598231E-1,2.209224255E-1
3.384251325E1,-1.612985136E-1,-4.902773380E-2,4.786764622E-2,1.752490819E-1
3.385246325E1,-1.733969875E-1,-1.088120055E-1,3.324259043E-2,2.073924724E-1
3.386241425E1,-2.167419586E-1,-1.325388372E-1,8.945713699E-2,2.693440167E-1
3.387236425E1,-1.659349170E-1,-1.895111829E-1,1.254034799E-1,2.813803794E-1
3.388231425E1,-1.071344393E-1,-1.908423015E-1,2.673873246E-1,3.455351697E-1
3.389226525E1,-1.220752448E-2,-1.937720490E-1,5.172815341E-1,5.525186115E-1
3.390221525E1,1.311781901E-1,-2.150769639E-1,6.877728939E-1,7.324598088E-1
3.391216525E1,2.448822686E-1,-2.204031926E-1,7.808968198E-1,8.475522025E-1
3.392211525E1,3.604146253E-1,-2.378840286E-1,7.332139456E-1,8.509348995E-1
3.393206625E1,4.287729616E-1,-2.568985891E-1,4.457747644E-1,6.697449353E-1
3.394201625E1,3.895004301E-1,-2.207350221E-1,2.075597835E-1,4.934729970E-1
3.395196625E1,2.784805159E-1,-2.220190707E-1,1.475135565E-2,3.564568249E-1
3.396191725E1,2.340676971E-1,-1.866302598E-1,-1.309074640E-2,2.996496426E-1
3.397186725E1,1.597669816E-1,-1.941915867E-1,7.840005219E-2,2.634054459E-1
3.398181725E1,8.011767179E-2,-2.295380053E-1,2.813902366E-1,3.718696041E-1
3.399176825E1,-5.606237277E-2,-2.366736549E-1,4.330670106E-1,4.966935114E-1
3.400171825E1,-2.427970053E-1,-2.403796202E-1,3.313511860E-1,4.759478502E-1
3.401166825E1,-3.226911673E-1,-2.180274689E-1,1.244246560E-1,4.088362284E-1
3.402161925E1,-3.309683396E-1,-2.198295808E-1,-1.711000550E-1,4.325971743E-1
3.403156925E1,-3.648378977E-1,-1.364769369E-1,-3.024390435E-1,4.931551693E-1
3.404151925E1,-3.853519768E-1,-1.086538383E-1,-2.896663857E-1,4.941744809E-1
3.405146925E1,-3.554598409E-1,-9.200973898E-2,-1.216057134E-1,3.867886245E-1
3.406142025E1,-2.892766687E-1,-9.321455777E-2,8.318833709E-3,3.040380697E-1
3.407137025E1,-2.172044733E-1,-1.010600594E-1,9.442025363E-2,2.574997148E-1
3.408132025E1,-1.566083157E-1,-8.847392768E-2,1.041669774E-1,2.078570653E-1
3.409127125E1,-2.099039322E-1,-9.185800374E-2,5.232907176E-2,2.350231592E-1
3.410122125E1,-3.822506136E-1,-1.552038145E-1,7.799600959E-2,4.198656132E-1
3.411117125E1,-5.547604322E-1,-2.139449430E-1,1.755117792E-1,6.199483530E-1
3.412112225E1,-6.329368284E-1,-2.514723730E-1,4.503636593E-1,8.165015669E-1
3.413107225E1,-6.461839879E-1,-2.952121773E-1,7.232730943E-1,1.013818497E0
3.414102225E1,-5.345565480E-1,-3.072138798E-1,9.932168216E-1,1.169021268E0
3.415097225E1,-2.191016024E-1,-1.839706537E-1,1.249841761E0,1.282168141E0
3.416092325E1,4.669995725E-2,-1.145162567E-1,1.258711402E0,1.264772412E0
3.417087325E1,1.934858277E-1,-1.455930385E-1,1.379067566E0,1.400164794E0
3.418082325E1,1.624657640E-1,-1.305487373E-1,1.324850428E0,1.341143823E0
3.419077425E1,-1.875816017E-2,-2.447626930E-1,9.171433765E-1,9.494275209E-1
3.420072425E1,-1.687193611E-1,-3.497968125E-1,5.905676115E-1,7.068197341E-1
3.421067425E1,-1.602686727E-1,-3.567889130E-1,4.142109096E-1,5.696973350E-1
3.422062525E1,3.702778548E-2,-3.567462283E-1,2.842647278E-1,4.576520117E-1
3.423057525E1,1.274999991E-1,-3.830280009E-1,4.078818834E-1,5.738765808E-1
3.424052525E1,2.346937877E-1,-3.947244787E-1,6.379511082E-1,7.860472025E-1
3.425047625E1,3.209326172E-1,-3.941999835E-1,1.012544793E0,1.132977639E0
3.426042625E1,3.000475323E-1,-3.316011545E-1,1.453934730E0,1.521155497E0
3.427037625E1,2.082877618E-1,-3.645274106E-1,1.906351347E0,1.952034703E0
3.428032625E1,1.097551614E-1,-4.263579154E-1,2.231855317E0,2.274863826E0
3.429027725E1,1.535595775E-2,-5.064203310E-1,2.420297045E0,2.472758609E0
3.430022775E1,2.706383765E-2,-6.039282069E-1,2.597665899E0,2.667082649E0
3.431017775E1,5.708636642E-3,-7.213318187E-1,2.719074562E0,2.813133245E0
3.432012875E1,-1.133716643E-1,-8.254026094E-1,2.855396547E0,2.974463320E0
3.433007875E1,-1.230990922E-1,-8.690851110E-1,2.493954420E0,2.643912057E0
3.434002875E1,2.072826254E-1,-7.325478016E-1,1.593947479E0,1.766426034E0
3.434997975E1,7.969140977E-1,-5.679289466E-1,6.632964492E-1,1.182191840E0
3.435992975E1,1.290796829E0,-3.741237147E-1,2.053869581E-1,1.359525215E0
3.436987975E1,1.554920238E0,-2.919690192E-1,6.737454236E-2,1.583528397E0
3.437983075E1,1.533438737E0,-2.577932131E-1,2.906352693E-1,1.581885129E0
3.438978075E1,1.314230715E0,-4.371110912E-1,7.184649289E-1,1.560275723E0
3.439973075E1,1.400157888E0,-5.409479932E-1,1.178783473E0,1.908558964E0
3.440968075E1,1.995061210E0,-4.511524487E-1,1.279393589E0,2.412603514E0
3.441963175E1,2.728319594E0,-3.161442592E-1,1.149881271E0,2.977566446E0
3.442958175E1,3.413350729E0,-2.624315900E-1,1.053418000E0,3.581832355E0
3.443953175E1,4.027721770E0,-4.357519424E-1,7.641755372E-1,4.122667421E0
3.444948275E1,4.384215399E0,-6.994451058E-1,4.407642853E-1,4.461484201E0
3.445943275E1,4.438270569E0,-9.454721130E-1,2.282027936E-1,4.543593256E0
3.446938275E1,4.393624154E0,-1.190590609E0,2.278303260E-1,4.557778610E0
3.447933375E1,4.243523789E0,-1.387168883E0,5.897712207E-1,4.503283441E0
3.448928375E1,4.321888758E0,-1.583968182E0,1.009466819E0,4.712398635E0
3.449923375E1,4.414030352E0,-1.606747472E0,1.197239624E0,4.847544131E0
3.450918375E1,4.357718157E0,-1.936771633E0,1.158319387E0,4.907391944E0
3.451913475E1,4.142440633E0,-2.446369925E0,8.949198639E-1,4.893405948E0
3.452908475E1,3.752650035E0,-2.889394013E0,3.855522439E-1,4.751802877E0
3.453903475E1,3.189748524E0,-2.765264349E0,-6.440012223E-1,4.270353632E0
3.454898575E1,2.502382597E0,-1.954631222E0,-2.518060151E0,4.052545965E0
3.455893575E1,1.968417787E0,-1.440759784E0,-4.343781610E0,4.981856684E0
3.456888575E1,1.171753365E0,-6.273435281E-1,-5.263644819E0,5.428860160E0
3.457883675E1,7.160704941E-1,-1.845563255E-1,-4.770301494E0,4.827276078E0
3.458878675E1,4.860509706E-1,-2.792472321E-1,-3.824425192E0,3.865288167E0
3.459873675E1,1.300327206E-1,-1.835894883E-1,-3.363237752E0,3.370753889E0
3.460868775E1,1.493788183E-2,-3.133514097E-1,-3.466691369E0,3.480856402E0
3.461863775E1,5.068249583E-2,-6.724389363E-1,-3.581114362E0,3.644053089E0
3.462858775E1,9.243629336E-2,-9.027377374E-1,-3.530558167E0,3.645314919E0
3.463853775E1,9.143700421E-2,-1.062216013E0,-3.562445372E0,3.718558943E0
3.464848875E1,-9.718481719E-2,-1.166782647E0,-3.404941263E0,3.600618230E0
3.465843875E1,-4.139694196E-1,-1.334485324E0,-3.162796369E0,3.457673008E0
3.466838875E1,-8.478673196E-1,-1.378421595E0,-2.979263964E0,3.390418684E0
3.467833975E1,-1.167738667E0,-1.596252012E0,-2.884229168E0,3.497200591E0
3.468828975E1,-1.374054748E0,-1.812582181E0,-2.914322448E0,3.696857577E0
3.469823975E1,-1.522402117E0,-1.925278638E0,-3.237133191E0,4.062442287E0
3.470819075E1,-1.676645819E0,-2.061818725E0,-3.635257241E0,4.503035960E0
3.471814075E1,-1.873440878E0,-1.973496094E0,-3.793486404E0,4.668512253E0
3.472809075E1,-2.027416193E0,-1.897722757E0,-4.051167351E0,4.911590882E0
3.473804175E1,-2.151704024E0,-1.730787674E0,-4.000723422E0,4.861197802E0
3.474799175E1,-2.195114923E0,-1.787433745E0,-4.094708058E0,4.977959722E0
3.475794175E1,-2.229624020E0,-1.850876181E0,-3.951848885E0,4.900415851E0
3.476789175E1,-2.055419678E0,-1.889175443E0,-3.556206393E0,4.521099183E0
3.477784275E1,-1.726811421E0,-2.013811622E0,-3.168939453E0,4.132734227E0
3.478779275E1,-1.381622799E0,-1.962871264E0,-2.752823521E0,3.652366698E0
3.479774275E1,-1.015415191E0,-1.883746450E0,-2.709248900E0,3.452477125E0
3.480769375E1,-6.851825774E-1,-1.790508942E0,-3.009756024E0,3.568477092E0
3.481764375E1,-5.733212489E-1,-1.661008318E0,-3.424983180E0,3.849435759E0
3.482759375E1,-5.659233516E-1,-1.594807896E0,-3.675284940E0,4.046158778E0
3.483754475E1,-6.230962569E-1,-1.765032623E0,-3.858333195E0,4.288394123E0
3.484749475E1,-6.398467755E-1,-1.762061507E0,-3.737899264E0,4.181645078E0
3.485744475E1,-6.660054642E-1,-1.935441245E0,-3.531856833E0,4.082096126E0
3.486739475E1,-5.506030619E-1,-1.896051184E0,-3.402057416E0,3.933467744E0
3.487734575E1,-3.593342060E-1,-1.894315877E0,-3.408565367E0,3.916104133E0
3.488729575E1,-2.473495013E-1,-1.759245049E0,-3.326473676E0,3.771147310E0
3.489724575E1,-1.764391476E-1,-1.673367139E0,-3.224674236E0,3.637280891E0
3.490719675E1,1.426112509E-1,-1.651861957E0,-2.908809400E0,3.348157407E0
3.491714675E1,7.004046339E-1,-1.563116280E0,-2.660404184E0,3.164119084E0
3.492709675E1,1.493252578E0,-1.629408210E0,-2.915953529E0,3.658901387E0
3.493704775E1,2.122894793E0,-1.349634436E0,-3.293741255E0,4.144505624E0
3.494699775E1,2.791171900E0,-1.135668517E0,-3.701646527E0,4.773109109E0
3.495694775E1,3.127680915E0,-1.341190034E0,-3.787156793E0,5.091535642E0
3.496689875E1,2.817708904E0,-1.321262138E0,-3.002102603E0,4.324099576E0
3.497684875E1,2.291540186E0,-1.436040642E0,-1.865451243E0,3.285312389E0
3.498679875E1,2.146356161E0,-1.622619739E0,-7.463859683E-1,2.792280716E0
3.499674875E1,2.424542708E0,-1.444439437E0,-5.271908104E-2,2.822692319E0
3.500669975E1,2.814399379E0,-1.216085346E0,-2.674300092E-1,3.077535743E0
3.501664975E1,3.361937916E0,-8.771023015E-1,-7.587727100E-1,3.556356425E0
3.502659975E1,3.973282439E0,-7.241021564E-1,-1.586978767E0,4.339331616E0
3.503655075E1,4.736998969E0,-9.513913956E-1,-2.906895314E0,5.638647461E0
3.504650075E1,5.842822055E0,-1.105875783E0,-3.681312250E0,6.993825183E0
3.505645075E1,7.413751969E0,-1.682923974E0,-3.606318201E0,8.414361671E0
3.506640175E1,8.655564333E0,-2.372895275E0,-2.796953627E0,9.400658248E0
3.507635175E1,9.018803310E0,-2.834052456E0,-1.548077241E0,9.579520322E0
3.508630175E1,8.689268854E0,-3.175373729E0,-3.650369954E-1,9.258490349E0
3.509625175E1,8.008594480E0,-3.425222331E0,8.207280529E-1,8.748904394E0
3.510620275E1,7.078232303E0,-3.294571852E0,1.854043325E0,8.024528202E0
3.511615275E1,6.096015263E0,-3.207638373E0,2.406632102E0,7.296726944E0
3.512610275E1,4.957273523E0,-2.760303572E0,2.596177783E0,6.239709582E0
3.513605375E1,3.804580034E0,-2.523269143E0,2.148535418E0,5.045584292E0
3.514600375E1,3.084978114E0,-2.298763544E0,1.696012967E0,4.204505177E0
3.515595375E1,2.629082112E0,-2.099083469E0,1.756954987E0,3.795407091E0
3.516590475E1,2.279911975E0,-2.025067366E0,2.311916564E0,3.826728975E0
3.517585475E1,1.991728151E0,-1.774216552E0,3.038263539E0,4.043002688E0
3.518580475E1,1.683970918E0,-1.708752295E0,3.562316149E0,4.294844445E0
3.519575475E1,1.385909100E0,-1.394463869E0,3.960392836E0,4.421536490E0
3.520570575E1,1.315739881E0,-1.159530931E0,3.888825840E0,4.265987556E0
3.521565575E1,1.228804356E0,-1.083731720E0,3.457705368E0,3.826246332E0
3.522560575E1,9.466547124E-1,-9.791162610E-1,3.284549432E0,3.555712132E0
3.523555675E1,5.256556971E-1,-9.571166968E-1,3.187737082E0,3.369577717E0
3.524550675E1,1.726001582E-1,-9.531534541E-1,3.050547370E0,3.200645494E0
3.525545675E1,1.369710267E-3,-9.479991335E-1,2.932729483E0,3.082143159E0
3.526540775E1,-9.829600744E-2,-8.691973776E-1,2.767937404E0,2.902868178E0
3.527535775E1,-1.910190336E-1,-7.463333434E-1,2.489219345E0,2.605708095E0
3.528530775E1,-1.690584996E-1,-6.545659715E-1,2.137862495E0,2.242207269E0
3.529525875E1,-1.641613103E-1,-5.551592124E-1,1.692064927E0,1.788360814E0
3.530520900E1,-1.405513499E-1,-4.745477432E-1,1.323626021E0,1.413129890E0
3.531515900E1,-5.872066319E-2,-4.557173699E-1,1.060785491E0,1.156024349E0
3.532510900E1,-8.076240040E-2,-4.386411613E-1,8.929534453E-1,9.981455251E-1
3.533506000E1,-1.894697408E-1,-5.414498305E-1,9.081018269E-1,1.074111554E0
3.534501000E1,-2.352608945E-1,-6.164204907E-1,1.207465235E0,1.375970277E0
3.535496000E1,-2.326952094E-1,-6.135378134E-1,1.291405524E0,1.448552359E0
3.536491100E1,-1.908726340E-1,-6.184401190E-1,1.176979607E0,1.343198250E0
3.537486100E1,-7.554617241E-2,-5.429712760E-1,1.246459147E0,1.361684778E0
3.538481100E1,5.191011876E-2,-5.223013687E-1,1.193189258E0,1.303531352E0
3.539476200E1,9.210629113E-2,-5.317598248E-1,8.135079110E-1,9.762413643E-1
3.540471200E1,9.648402840E-2,-4.594870698E-1,7.027645701E-1,8.451719210E-1
3.541466200E1,7.236923397E-2,-3.827195603E-1,7.396920758E-1,8.359760373E-1
3.542461200E1,9.009090208E-2,-3.964763045E-1,8.681127191E-1,9.586081179E-1
3.543456300E1,5.963487536E-2,-4.506507576E-1,4.597168654E-1,6.465152898E-1
3.544451300E1,6.822458133E-2,-2.165913928E-1,-6.496490479E-2,2.361924295E-1
3.545446300E1,1.065244286E-1,-1.117730355E-1,-1.477708340E-1,2.137215121E-1
3.546441400E1,4.405935466E-2,-3.019209802E-2,-2.543187976E-2,5.915716376E-2
3.547436400E1,-1.981042510E-1,-2.982021511E-2,3.172360075E-1,3.751975799E-1
3.548431400E1,-4.507529376E-1,-9.357825458E-2,4.137899101E-1,6.189969226E-1
3.549426500E1,-5.050341024E-1,-4.264491320E-2,4.927664977E-1,7.068923924E-1
3.550421500E1,-4.833010250E-1,-1.671075761E-2,4.517681605E-1,6.617806291E-1
3.551416500E1,-3.486435954E-1,8.358594775E-3,2.947020078E-1,4.565867893E-1
3.552411600E1,-1.455792245E-1,2.427763939E-2,-2.222819030E-1,2.668182130E-1
3.553406600E1,7.954910316E-2,1.279926270E-1,-7.027897131E-1,7.187652978E-1
3.554401600E1,2.116815589E-1,1.602733505E-1,-9.529996723E-1,9.892952060E-1
3.555396600E1,1.725463638E-1,1.437660760E-1,-9.647075522E-1,9.905057261E-1
3.556391700E1,6.188663810E-2,9.925823987E-2,-6.918694532E-1,7.016876046E-1
3.557386700E1,-1.258567853E-1,7.159798622E-2,-3.625238621E-1,3.903713010E-1
3.558381700E1,-3.311276762E-1,1.699551702E-2,-2.406216949E-1,4.096744874E-1
3.559376800E1,-3.732402004E-1,-9.379167795E-2,-2.135964489E-1,4.401460769E-1
3.560371800E1,-3.083872698E-1,-7.860061169E-2,-1.195264435E-1,3.399519599E-1
3.561366800E1,-1.080976219E-1,-1.201193511E-1,2.666037977E-2,1.637819594E-1
3.562361900E1,1.608990026E-1,-8.037407219E-2,1.734494662E-1,2.498663600E-1
3.563356900E1,4.043514808E-1,-1.052013499E-1,2.572903526E-1,4.906788864E-1
3.564351900E1,3.971548739E-1,-6.783764184E-2,2.119685841E-1,4.552632427E-1
3.565346900E1,2.720703596E-1,-4.853364408E-2,4.468793035E-2,2.799550076E-1
3.566342000E1,1.273038250E-1,-2.813036978E-2,-1.938071322E-1,2.335782226E-1
3.567337000E1,4.518655166E-2,7.175118327E-3,-3.763104272E-1,3.790815801E-1
3.568332000E1,-1.716230884E-2,-4.598250389E-3,-4.197014451E-1,4.200773640E-1
3.569327100E1,-5.645077407E-2,-5.530881286E-3,-3.435227501E-1,3.481740375E-1
3.570322100E1,-8.927163407E-2,-3.133113563E-2,-1.547465622E-1,1.813768542E-1
3.571317100E1,-1.237969574E-1,-5.475800514E-2,8.344619930E-2,1.590201056E-1
3.572312200E1,-1.305550231E-1,-1.066263163E-1,2.792349529E-1,3.261685827E-1
3.573307200E1,-1.648333016E-1,-1.120279741E-1,3.563000858E-1,4.082524163E-1
3.574302200E1,-1.902194269E-1,-9.385248899E-2,1.840949070E-1,2.808605612E-1
3.575297200E1,-2.710811569E-1,-4.170058787E-2,-2.726919186E-1,3.867619618E-1
3.576292300E1,-2.576575577E-1,3.826008618E-2,-5.617624730E-1,6.192158972E-1
3.577287300E1,-2.282998574E-1,5.051935852E-2,-6.011580884E-1,6.450302921E-1
3.578282300E1,-2.997901087E-1,-3.682225585E-2,-4.554595077E-1,5.465101563E-1
3.579277400E1,-4.210477665E-1,-1.063555902E-1,-1.823372340E-1,4.709985140E-1
3.580272400E1,-4.666582413E-1,-1.805579263E-1,1.189925927E-1,5.143251073E-1
3.581267400E1,-3.737030075E-1,-1.918518233E-1,2.898523271E-1,5.103679374E-1
3.582262500E1,-5.202823251E-2,-2.133964741E-1,3.319598812E-1,3.980481816E-1
3.583257500E1,2.489799973E-1,-2.055670524E-1,1.583443540E-1,3.596133848E-1
3.584252500E1,3.934896930E-1,-8.776378334E-2,1.490946436E-1,4.298439634E-1
3.585247600E1,3.815251203E-1,-5.025974214E-2,8.731062412E-3,3.849203691E-1
3.586242600E1,2.690360932E-1,-5.655953228E-2,-1.066187149E-1,2.948676831E-1
3.587237600E1,1.251973656E-1,-1.181377298E-1,-3.378170371E-2,1.754198023E-1
3.588232600E1,1.994894564E-2,-1.396127987E-1,1.595500499E-1,2.129457969E-1
3.589227700E1,-3.711973295E-2,-1.592571044E-1,2.907358414E-1,3.335686276E-1
3.590222700E1,1.044970527E-2,-1.662369257E-1,2.227865177E-1,2.781685538E-1
3.591217700E1,6.588847250E-2,-9.427933574E-2,2.103910053E-1,2.397796052E-1
3.592212800E1,6.399178192E-2,-1.292854464E-1,1.452998006E-1,2.047479105E-1
3.593207800E1,1.866899014E-2,-7.458708286E-2,7.689030111E-2,1.087376776E-1
3.594202800E1,4.060803562E-2,-2.400340497E-2,-8.456594110E-2,9.683271349E-2
3.595197900E1,1.313904440E-1,3.032833815E-2,-1.747229898E-1,2.207065474E-1
3.596192900E1,1.697347301E-1,6.855977297E-2,-1.151661748E-1,2.162719790E-1
3.597187900E1,6.076689631E-2,4.269870758E-2,-9.928045928E-2,1.239855028E-1
3.598182900E1,-9.411064357E-2,3.920558095E-2,-3.795983166E-1,3.930505982E-1
3.599178000E1,-8.080077276E-2,1.524059218E-1,-6.015276325E-1,6.257729800E-1
3.600173000E1,-4.759604305E-2,1.875658143E-1,-7.420800787E-1,7.668957955E-1
3.601168000E1,-7.088228703E-2,1.843919456E-1,-7.476577377E-1,7.733154473E-1
3.602163100E1,-2.230902806E-1,6.462401211E-2,-7.557426828E-1,7.906279396E-1
3.603158100E1,-3.370719557E-1,9.025528193E-2,-4.377430290E-1,5.598057508E-1
3.604153100E1,-3.315947226E-1,5.158062816E-2,-2.045490521E-1,3.930088243E-1
3.605148200E1,-1.869908868E-1,1.154123425E-2,-8.017234325E-2,2.037802651E-1
3.606143200E1,-5.597247183E-3,-8.306554556E-3,4.964636922E-2,5.064671758E-2
3.607138200E1,1.935384527E-1,7.344102859E-3,-1.787493825E-2,1.945008533E-1
3.608133300E1,3.553414348E-1,-7.063436508E-3,-1.754492140E-1,3.963582396E-1
3.609128300E1,4.363282952E-1,-5.558363199E-3,-1.976195168E-1,4.790268782E-1
3.610123300E1,4.591679581E-1,-1.515305936E-2,-8.888235569E-2,4.679368569E-1
3.611118300E1,4.029211056E-1,-1.196305239E-1,5.341139138E-2,4.236857991E-1
3.612113400E1,3.085140082E-1,-1.463394356E-1,3.139182973E-1,4.638327512E-1
3.613108400E1,2.889604805E-1,-2.185139573E-1,4.834741026E-1,6.041470986E-1
3.614103400E1,3.227747825E-1,-2.484552097E-1,6.908380044E-1,8.019792389E-1
3.615098500E1,3.583661994E-1,-2.541942519E-1,7.350774533E-1,8.563760347E-1
3.616093500E1,3.705763552E-1,-1.626677853E-1,7.614016181E-1,8.622760970E-1
3.617088500E1,3.223986603E-1,-1.026075250E-1,6.374459088E-1,7.216692366E-1
3.618083600E1,9.606887609E-2,-4.218590677E-2,3.705976975E-1,3.851642936E-1
3.619078600E1,-3.572765708E-2,-2.271000087E-2,3.606913447E-2,5.561647311E-2
3.620073600E1,-5.242452756E-2,3.319493562E-2,-2.034883672E-1,2.127386905E-1
3.621068700E1,-9.050320387E-3,5.300325572E-2,-3.795959777E-1,3.833853931E-1
3.622063700E1,7.071651846E-2,1.170402074E-1,-5.507083118E-1,5.674318292E-1
3.623058700E1,8.330981299E-2,1.672946870E-1,-5.677003205E-1,5.976718925E-1
3.624053700E1,4.480443612E-2,1.652312046E-1,-4.706453115E-1,5.008151332E-1
3.625048800E1,3.003436938E-2,7.540335417E-2,-4.785858303E-1,4.854195362E-1
3.626043800E1,-5.145403594E-2,2.896330565E-2,-5.085861397E-1,5.120021996E-1
3.627038800E1,-1.690292636E-1,7.281946957E-2,-3.926604116E-1,4.336539703E-1
3.628033900E1,-1.858448325E-1,2.371367544E-2,-2.533639473E-1,3.151093936E-1
3.629028900E1,-1.435602540E-1,-6.105048627E-2,-1.845568371E-1,2.416566459E-1
3.630023837E1,-1.864495808E-1,-1.625803694E-1,-2.328501606E-1,3.397278617E-1
3.631018937E1,-1.670545126E-1,-1.470779389E-1,-1.519188488E-1,2.694781381E-1
3.632013937E1,-3.674229518E-2,-1.054349461E-1,3.845012069E-2,1.180886781E-1
3.633008937E1,1.285678469E-1,-1.333372745E-1,2.697712344E-1,3.272385046E-1
3.634004037E1,2.429844086E-1,-1.600125647E-1,3.769284779E-1,4.761517837E-1
3.634999037E1,3.095084734E-1,-1.042579016E-1,4.387516737E-1,5.469627376E-1
3.635994037E1,3.631981923E-1,-1.071385324E-1,3.466065717E-1,5.133494984E-1
3.636989038E1,3.353234920E-1,-1.346871042E-1,1.796381593E-1,4.035496606E-1
3.637984137E1,2.079430684E-1,-1.295661128E-1,1.921009147E-1,3.113365682E-1
3.638979137E1,1.094888207E-1,-1.433672959E-1,1.612708855E-1,2.419716551E-1
3.639974138E1,5.501937568E-2,-1.801860434E-1,1.714766157E-1,2.547515881E-1
3.640969237E1,5.989449173E-3,-1.932563245E-1,2.444136143E-1,3.116438597E-1
3.641964237E1,-2.063570112E-2,-1.787455818E-1,3.551399982E-1,3.981208780E-1
3.642959238E1,-2.497185007E-2,-1.811479104E-1,3.453932744E-1,3.908128359E-1
3.643954337E1,-5.910438672E-2,-9.407848388E-2,3.504961395E-1,3.676841491E-1
3.644949337E1,-1.050173087E-1,-8.968780965E-2,1.954648179E-1,2.393303854E-1
3.645944338E1,-1.819919559E-1,-4.326062500E-2,-1.900479573E-1,2.666660454E-1
3.646939437E1,-2.022874953E-1,-4.004465640E-3,-3.939134699E-1,4.428364125E-1
3.647934437E1,-2.062159471E-1,2.917936027E-2,-4.827794534E-1,5.257874595E-1
3.648929438E1,-2.394515209E-1,4.997439802E-2,-4.457379270E-1,5.084454453E-1
3.649924438E1,-2.466069049E-1,4.383716047E-2,-4.308281118E-1,4.983467910E-1
3.650919537E1,-2.459742361E-1,4.910784066E-3,-2.932969218E-1,3.828191806E-1
3.651914538E1,-2.329755834E-1,-5.546727240E-2,-1.119887978E-1,2.643780089E-1
3.652909538E1,-1.879932457E-1,-1.060073885E-1,5.291028500E-2,2.222127924E-1
3.653904637E1,-1.164532931E-1,-1.765949759E-1,1.173056710E-1,2.418838056E-1
3.654899638E1,-1.026502097E-1,-2.501643509E-1,4.108604550E-2,2.735092889E-1
3.655894638E1,-1.112409389E-1,-2.959337237E-1,-1.843627095E-3,3.161561549E-1
3.656889737E1,-1.609241456E-1,-2.892021167E-1,8.294041514E-2,3.411943103E-1
3.657884737E1,-1.873176000E-1,-2.783754122E-1,2.535855567E-1,4.205786347E-1
3.658879738E1,-1.669147642E-1,-2.613968521E-1,5.051807213E-1,5.927869887E-1
3.659874837E1,-1.463274488E-1,-2.203970531E-1,6.236523271E-1,6.774428451E-1
3.660869837E1,-5.335862026E-2,-2.010047624E-1,6.641606677E-1,6.959593733E-1
3.661864838E1,1.077049814E-1,-2.027884555E-1,5.507164979E-1,5.966675639E-1
3.662859837E1,2.783641563E-1,-1.659495351E-1,2.110739601E-1,3.867532396E-1
3.663854937E1,3.740257739E-1,-1.665944830E-1,-2.231882215E-1,4.663281929E-1
3.664849938E1,4.404647617E-1,-1.058296332E-1,-4.687695247E-1,6.518849476E-1
3.665844937E1,4.616647191E-1,-5.220364898E-2,-5.339145237E-1,7.077600247E-1
3.666840037E1,3.932050797E-1,-3.135130852E-2,-5.299471879E-1,6.606339086E-1
3.667835038E1,2.973458263E-1,1.333165169E-2,-4.215403944E-1,5.160315664E-1
3.668830037E1,1.907991783E-1,1.202745947E-1,-4.311994100E-1,4.866243271E-1
3.669825137E1,1.215178590E-1,1.872643903E-1,-5.903845936E-1,6.311802518E-1
3.670820138E1,3.680383712E-2,2.050410953E-1,-7.354370570E-1,7.643716622E-1
3.671815138E1,-8.260785475E-2,1.801787344E-1,-9.809359145E-1,1.000761561E0
3.672810237E1,-1.391282107E-1,1.848760951E-1,-1.064600215E0,1.089453738E0
3.673805238E1,-1.253438383E-1,1.819478095E-1,-1.019947953E0,1.043604288E0
3.674800238E1,-5.805144936E-2,1.702428532E-1,-8.246643984E-1,8.440521132E-1
3.675795337E1,-1.448179901E-2,1.298920950E-1,-6.017188364E-1,6.157493296E-1
3.676790338E1,6.218616173E-2,8.673233449E-2,-3.482513934E-1,3.642370788E-1
3.677785338E1,1.736041251E-1,9.808061063E-2,-1.309969264E-1,2.385757598E-1
3.678780337E1,3.662964857E-1,5.544095993E-2,-1.178816217E-1,3.887710022E-1
3.679775438E1,4.247478846E-1,3.323615849E-2,-1.767402792E-1,4.612510531E-1
3.680770438E1,3.073774557E-1,3.102474153E-2,-1.864969432E-1,3.608663807E-1
3.681765437E1,1.858192509E-1,-1.029490024E-2,-1.365862799E-1,2.308475489E-1
3.682760538E1,1.152340025E-1,-9.583001733E-2,-1.059071088E-1,1.835172560E-1
3.683755538E1,1.491272418E-1,-1.297576091E-1,1.515305936E-1,2.490732667E-1
3.684750537E1,2.380626610E-1,-1.712257701E-1,5.175651240E-1,5.948661635E-1
3.685745638E1,2.986997491E-1,-1.923000124E-1,7.889344025E-1,8.652273264E-1
3.686740638E1,2.856291756E-1,-2.068595794E-1,9.050788164E-1,9.713611972E-1
3.687735637E1,2.285372543E-1,-2.139771026E-1,7.064605951E-1,7.727237861E-1
3.688730738E1,1.487807943E-1,-1.704270405E-1,4.050869143E-1,4.639789963E-1
3.689725738E1,6.713656068E-2,-1.252362496E-1,1.649049300E-1,2.176811244E-1
3.690720737E1,-6.531018287E-2,-1.176603046E-1,2.144290924E-2,1.362687258E-1
3.691715737E1,-1.596545689E-1,-1.273523569E-1,4.418740869E-2,2.089515046E-1
3.692710838E1,-2.056856047E-1,-1.407223079E-1,1.748142064E-1,3.044163968E-1
3.693705837E1,-1.838212574E-1,-1.302505293E-1,2.751652908E-1,3.556281658E-1
3.694700837E1,-1.595800169E-1,-9.233718306E-2,2.903130877E-1,3.439093282E-1
3.695695938E1,-2.380252388E-1,-9.509326816E-3,1.307279545E-1,2.717282460E-1
3.696690937E1,-3.509447671E-1,5.028576225E-2,-9.720528245E-2,3.676135939E-1
3.697685937E1,-4.234726068E-1,4.292557955E-2,-2.439984620E-1,4.906188985E-1
3.698681038E1,-4.270667441E-1,2.455275089E-2,-2.806254208E-1,5.116047970E-1
3.699676037E1,-3.951087870E-1,-3.370919824E-3,-3.206952202E-1,5.088887314E-1
3.700671037E1,-3.340656097E-1,-4.410233170E-2,-2.895810163E-1,4.442994624E-1
3.701666138E1,-2.227958733E-1,-2.918316096E-2,-2.738157535E-1,3.542100011E-1
3.702661137E1,2.073276490E-3,-4.870584458E-2,-3.644668919E-1,3.677127589E-1
3.703656137E1,2.272005808E-1,-4.828776866E-2,-4.399105918E-1,4.974667239E-1
3.704651238E1,3.707652202E-1,-2.259217948E-2,-3.594119740E-1,5.168696375E-1
3.705646238E1,4.239779525E-1,-5.613882512E-2,-1.569141251E-1,4.555556108E-1
3.706641237E1,3.507165796E-1,-7.196811497E-2,-6.270495594E-2,3.634741260E-1
3.707636237E1,3.053117806E-1,-6.536163837E-2,1.155895132E-1,3.329389774E-1
3.708631338E1,2.639854145E-1,-7.224731952E-2,1.386889386E-1,3.068266546E-1
3.709626337E1,2.496385400E-1,-1.755287361E-1,1.842919582E-1,3.565014218E-1
3.710621337E1,2.408205003E-1,-1.334162119E-1,3.385023308E-1,4.363235346E-1
3.711616438E1,2.222713780E-1,-1.321581835E-1,4.144412899E-1,4.884996763E-1
3.712611437E1,2.024228583E-1,-8.879874051E-2,3.866523975E-1,4.453765894E-1
3.713606437E1,1.711854243E-1,2.061640531E-2,2.830251181E-1,3.314101736E-1
3.714601538E1,9.659673348E-2,5.645779073E-2,1.261735582E-1,1.686362294E-1
3.715596537E1,5.428613484E-2,1.357977828E-1,4.160703242E-2,1.520498846E-1
3.716591537E1,-1.234230280E-2,1.522758213E-1,-5.271557271E-2,1.616143242E-1
3.717586638E1,-1.131107323E-1,1.424943066E-1,-1.917623609E-1,2.643321173E-1
3.718581637E1,-1.556215981E-1,1.456327996E-1,-2.069271147E-1,2.970619883E-1
3.719576637E1,-1.773944364E-1,1.190636364E-1,-2.838256019E-1,3.552490787E-1
3.720571637E1,-2.024765065E-1,1.328633577E-1,-1.918793052E-1,3.089774673E-1
3.721566737E1,-2.398339288E-1,8.119063586E-2,-8.270945013E-2,2.663702046E-1
3.722561737E1,-3.091105704E-1,5.650544554E-2,1.341760576E-2,3.145190650E-1
3.723556737E1,-3.672421266E-1,-3.303092122E-3,7.398072660E-2,3.746342722E-1
3.724551837E1,-4.058154774E-1,-3.418720812E-2,6.879892409E-2,4.130233151E-1
3.725546837E1,-3.049268876E-1,-8.717379928E-2,1.559218526E-2,3.175260530E-1
3.726541837E1,-1.138040659E-1,-9.579288751E-2,-1.113128597E-1,1.857907302E-1
3.727536937E1,6.639922678E-2,-8.670602202E-2,-1.570690763E-1,1.913046949E-1
3.728531937E1,1.892461579E-1,-1.084918705E-1,-1.137879860E-1,2.460331278E-1
3.729526937E1,2.531554940E-1,-1.721019754E-1,1.454728782E-1,3.389235200E-1
3.730522037E1,2.566417502E-1,-2.789379144E-1,5.362978488E-1,6.567242425E-1
3.731517037E1,2.571264844E-1,-4.031318977E-1,9.259270638E-1,1.042098980E0
3.732512037E1,2.594121610E-1,-5.648916104E-1,1.221363482E0,1.370447356E0
3.733507137E1,2.568123427E-1,-5.694910303E-1,1.521053165E0,1.644346479E0
3.734502137E1,2.475142466E-1,-5.528805524E-1,1.664194758E0,1.771012253E0
3.735497137E1,1.228222266E-1,-5.137407526E-1,1.585178994E0,1.670870223E0
3.736492138E1,-4.884164616E-2,-5.005079189E-1,1.515295411E0,1.596563142E0
3.737487237E1,-2.099124107E-1,-5.157799691E-1,1.490696760E0,1.591310475E0
3.738482237E1,-3.564660005E-1,-5.496134207E-1,1.501818749E0,1.638475656E0
3.739477238E1,-4.920383732E-1,-5.786126867E-1,1.606140677E0,1.776677314E0
3.740472337E1,-6.250286154E-1,-5.980801141E-1,1.763399788E0,1.964163793E0
3.741467337E1,-7.592974976E-1,-5.905933392E-1,1.983928111E0,2.204836487E0
3.742462338E1,-8.802106082E-1,-6.569013494E-1,2.312272074E0,2.559861762E0
3.743457437E1,-9.782000023E-1,-7.178910246E-1,2.594172773E0,2.863909067E0
3.744452437E1,-1.007248093E0,-8.049896872E-1,2.735401157E0,3.024066237E0
3.745447438E1,-9.649455339E-1,-9.382187882E-1,2.778036130E0,3.086885019E0
3.746442537E1,-7.233572942E-1,-1.025692842E0,2.742568674E0,3.016119115E0
3.747437537E1,-3.477590579E-1,-9.826555806E-1,2.502341666E0,2.710767819E0
3.748432538E1,7.247039080E-2,-1.007363575E0,2.358992497E0,2.566101894E0
3.749427637E1,4.286321899E-1,-1.092293213E0,2.342225606E0,2.619704336E0
3.750422637E1,7.500720531E-1,-1.108039765E0,2.622817698E0,2.944407051E0
3.751417637E1,1.117442380E0,-1.089208514E0,2.634061893E0,3.061590227E0
3.752412638E1,1.557040438E0,-9.519965824E-1,2.354469675E0,2.978959528E0
3.753407737E1,2.075717703E0,-8.436032376E-1,2.022213340E0,3.018214240E0
3.754402737E1,2.539609772E0,-7.684906362E-1,1.723764437E0,3.164104848E0
3.755397738E1,2.938793045E0,-7.747296153E-1,1.517648331E0,3.397052693E0
3.756392837E1,3.359122481E0,-9.743906875E-1,1.243484083E0,3.712060576E0
3.757387837E1,3.530739430E0,-1.221749544E0,1.135307670E0,3.904832439E0
3.758382838E1,3.581540624E0,-1.483493282E0,1.354371266E0,4.106398311E0
3.759377937E1,3.505460747E0,-1.791770625E0,1.496794821E0,4.211780118E0
3.760372937E1,3.323264431E0,-2.240049021E0,1.699458731E0,4.353167361E0
3.761367938E1,3.274626122E0,-2.645382687E0,2.181927112E0,4.741522090E0
3.762363037E1,3.891106254E0,-2.623683963E0,2.383227451E0,5.263477796E0
3.763358037E1,4.649610577E0,-2.179766566E0,2.298097839E0,5.625967870E0
3.764353038E1,5.531543190E0,-1.948231737E0,1.961897557E0,6.184061690E0
3.765348137E1,6.076515384E0,-1.546375263E0,1.560588821E0,6.461482270E0
3.766343137E1,6.196904292E0,-1.853709303E0,1.122201136E0,6.564845495E0
3.767338138E1,5.988107822E0,-2.427962160E0,7.520840800E-1,6.505233739E0
3.768333237E1,5.429078922E0,-2.354674913E0,-3.597546208E-1,5.928643629E0
3.769328237E1,4.928758407E0,-1.892999376E0,-1.219351163E0,5.418756622E0
3.770323238E1,5.247687768E0,-3.370653483E0,-2.764634897E0,6.822223825E0
3.771318238E1,5.120868677E0,-2.877029783E0,-4.958127801E0,7.686587518E0
3.772313337E1,4.069646891E0,-7.488133668E-1,-5.301071677E0,6.724887226E0
3.773308338E1,3.374770215E0,-9.556131584E-1,-5.581967239E0,6.592467579E0
3.774303338E1,2.602006288E0,-6.569864995E-1,-5.418573815E0,6.046735497E0
3.775298437E1,1.681208986E0,-2.668258457E-1,-5.030558431E0,5.310760568E0
3.776293438E1,1.098914015E0,-6.033772530E-1,-4.793001262E0,4.954244364E0
3.777288438E1,6.639770651E-1,-4.636444402E-1,-4.318618995E0,4.393893687E0
3.778283537E1,5.037300271E-1,-4.177383155E-1,-3.852000661E0,3.907193153E0
3.779278538E1,4.598332250E-1,-3.828012751E-1,-3.561417432E0,3.611326285E0
3.780273538E1,2.188051486E-1,-5.540892450E-1,-3.363814287E0,3.416158243E0
3.781268637E1,-8.929341495E-2,-7.370441642E-1,-2.991785191E0,3.082529164E0
3.782263638E1,-3.334936059E-1,-1.046076820E0,-2.551446583E0,2.777656272E0
3.783258638E1,-3.815588880E-1,-1.546436512E0,-2.223463393E0,2.735112892E0
3.784253737E1,-4.286909544E-1,-1.775947182E0,-2.027457708E0,2.729166372E0
3.785248737E1,-5.607438880E-1,-1.758230557E0,-1.762744900E0,2.552073271E0
3.786243738E1,-7.237613368E-1,-1.522253744E0,-1.597851080E0,2.322544942E0
3.787238737E1,-9.755389345E-1,-1.321081021E0,-1.808820959E0,2.443105511E0
3.788233837E1,-1.302092480E0,-1.221148889E0,-2.089474447E0,2.748190841E0
3.789228838E1,-1.538449801E0,-1.400099123E0,-1.993992923E0,2.881512298E0
3.790223837E1,-1.630362768E0,-1.707549669E0,-1.870578082E0,3.012120680E0
3.791218937E1,-1.632399353E0,-1.987550900E0,-1.772182306E0,3.123414214E0
3.792213938E1,-1.546261681E0,-2.089009885E0,-1.681884924E0,3.095742946E0
3.793208937E1,-1.352705979E0,-2.095527777E0,-1.913898933E0,3.143892373E0
3.794204037E1,-1.250044075E0,-1.959675176E0,-2.291162456E0,3.263795702E0
3.795199038E1,-1.206610372E0,-1.752774666E0,-2.694221556E0,3.433213861E0
3.796194037E1,-1.102756805E0,-1.660936836E0,-3.139308103E0,3.718876055E0
3.797189137E1,-1.040698552E0,-1.672179277E0,-3.315930269E0,3.856764260E0
3.798184138E1,-9.154126006E-1,-1.698615270E0,-3.592678986E0,4.078065271E0
3.799179138E1,-7.189245200E-1,-1.411290987E0,-3.716140605E0,4.039591033E0
3.800174237E1,-4.646864140E-1,-1.182443464E0,-3.877687479E0,4.080510531E0
3.801169238E1,-3.337274945E-1,-9.980716916E-1,-4.179930056E0,4.310375438E0
3.802164238E1,-3.024805588E-1,-6.938037121E-1,-4.354545457E0,4.419833053E0
3.803159337E1,-3.089768153E-1,-6.252562183E-1,-4.500110722E0,4.553834485E0
3.804154338E1,-3.407716352E-1,-8.024846669E-1,-4.340489920E0,4.427184172E0
3.805149338E1,-3.794036043E-1,-1.144895715E0,-3.839335592E0,4.024329892E0
3.806144337E1,-4.944639444E-1,-1.349438847E0,-3.163658248E0,3.474796873E0
3.807139438E1,-5.889876938E-1,-1.413031118E0,-2.431535393E0,2.873313037E0
3.808134438E1,-6.639191777E-1,-1.296235032E0,-1.905489467E0,2.398312749E0
3.809129437E1,-8.038442177E-1,-1.044846274E0,-2.031153295E0,2.421456786E0
3.810124538E1,-6.402233362E-1,-8.262402231E-1,-2.478998412E0,2.690351641E0
3.811119538E1,-2.928566265E-1,-7.941429560E-1,-3.034656976E0,3.150487423E0
3.812114537E1,4.973366815E-1,-1.000192842E0,-3.333255569E0,3.515440539E0
3.813109638E1,1.492611723E0,-1.330908874E0,-3.185011403E0,3.760785267E0
3.814104638E1,2.064209797E0,-1.204296921E0,-3.015026412E0,3.847294819E0
3.815099637E1,2.499932613E0,-1.092781309E0,-2.548015729E0,3.733124458E0
3.816094737E1,2.555654240E0,-1.176588428E0,-1.967612625E0,3.433253321E0
3.817089738E1,2.667481654E0,-1.520113956E0,-1.456813899E0,3.398310102E0
3.818084737E1,2.535276108E0,-1.667905109E0,-1.017201515E0,3.200661075E0
3.819079837E1,2.289937465E0,-1.738628205E0,-9.304387754E-1,3.021979143E0
3.820074838E1,2.319030871E0,-1.875067135E0,-1.257793390E0,3.236637940E0
3.821069837E1,2.962826271E0,-1.954944925E0,-1.477056668E0,3.844716579E0
3.822064937E1,3.848485315E0,-2.112389831E0,-1.637064847E0,4.685404073E0
3.823059938E1,4.579520003E0,-1.957303399E0,-1.657920111E0,5.248975057E0
3.824054937E1,4.956973561E0,-1.886721367E0,-1.639807776E0,5.551601025E0
3.825049937E1,4.712956388E0,-1.777253011E0,-1.535123904E0,5.265661552E0
3.826045038E1,4.125436930E0,-1.616036505E0,-1.432300617E0,4.656424477E0
3.827040037E1,3.954044514E0,-1.657505397E0,-1.768652342E0,4.637879178E0
3.828035037E1,4.081189880E0,-1.886056246E0,-1.995871634E0,4.919026588E0
3.829030138E1,4.358392341E0,-1.973353422E0,-2.251184458E0,5.287488911E0
3.830025175E1,4.598613501E0,-2.006741169E0,-1.934382314E0,5.377368426E0
3.831020175E1,4.680423065E0,-1.963487415E0,-1.392038444E0,5.263023268E0
3.832015275E1,4.527244141E0,-1.991057183E0,-4.907626569E-1,4.970019739E0
3.833010275E1,4.537162188E0,-2.089950118E0,3.463791150E-1,5.007365646E0
3.834005275E1,4.616850382E0,-2.335574106E0,9.348388052E-1,5.257769246E0
3.835000375E1,4.564086277E0,-2.511241713E0,1.442346718E0,5.405329088E0
3.835995375E1,4.243442805E0,-2.703224514E0,1.816135826E0,5.349072719E0
3.836990375E1,3.423065000E0,-2.782272730E0,1.957933145E0,4.826170090E0
3.837985475E1,2.509974329E0,-2.682029234E0,2.028109088E0,4.196007438E0
3.838980475E1,1.740034607E0,-2.390055538E0,1.779973721E0,3.450853858E0
3.839975475E1,1.536519635E0,-2.138477330E0,1.178882291E0,2.885089485E0
3.840970475E1,2.108357445E0,-2.091388240E0,9.060178792E-1,3.104825967E0
3.841965575E1,3.014501916E0,-2.198940171E0,1.187740822E0,3.915774245E0
3.842960575E1,3.599607644E0,-2.234259692E0,1.966192921E0,4.670653719E0
3.843955575E1,3.736139837E0,-2.275458589E0,2.700876272E0,5.141126852E0
3.844950675E1,3.176482946E0,-2.294912860E0,3.296052659E0,5.120608565E0
3.845945675E1,1.953622870E0,-2.440302123E0,3.848594073E0,4.958164288E0
3.846940675E1,7.410545502E-1,-2.573207581E0,4.073710706E0,4.875005438E0
3.847935775E1,2.151863068E-2,-2.435564709E0,4.241435748E0,4.891034217E0
3.848930775E1,-1.246279199E-1,-2.207356653E0,4.031977959E0,4.598347722E0
3.849925775E1,6.508170292E-2,-1.959711868E0,3.829268441E0,4.302092865E0
3.850920875E1,3.895720585E-1,-1.794587082E0,3.608151888E0,4.048588548E0
3.851915875E1,8.769100743E-1,-1.600654820E0,3.091386663E0,3.589949669E0
3.852910875E1,1.413781900E0,-1.357837495E0,2.233218888E0,2.971492643E0
3.853905875E1,1.468940001E0,-1.106807756E0,1.659067919E0,2.476956701E0
3.854900975E1,1.047476936E0,-9.803891999E-1,1.641561356E0,2.180159306E0
3.855895975E1,3.832533745E-1,-1.026184008E0,1.987796044E0,2.269640915E0
3.856890975E1,-4.344875186E-1,-1.164692852E0,2.399313142E0,2.702219902E0
3.857886075E1,-1.017117316E0,-1.194251697E0,2.878172622E0,3.277902132E0
3.858881075E1,-1.243393452E0,-1.229064850E0,3.333097694E0,3.763797008E0
3.859876075E1,-1.149465168E0,-1.141131497E0,3.687298045E0,4.027358705E0
3.860871175E1,-6.424520756E-1,-9.566594446E-1,3.443718828E0,3.631410377E0
3.861866175E1,7.851427389E-2,-7.089345521E-1,2.532789288E0,2.631306570E0
3.862861175E1,5.572867949E-1,-4.056084859E-1,1.281047766E0,1.454706223E0
3.863856275E1,5.695344459E-1,-2.515039480E-1,1.819419622E-1,6.486344105E-1
3.864851275E1,2.741243037E-1,-1.216536605E-1,-2.964064711E-1,4.216640169E-1
3.865846275E1,-1.068193932E-1,-1.159818614E-1,-2.143390453E-1,2.660890852E-1
3.866841375E1,-5.361946820E-1,-1.114549470E-1,2.219930506E-1,5.909381158E-1
3.867836375E1,-9.281166999E-1,-1.178757745E-1,7.471227175E-1,1.197283451E0
3.868831375E1,-1.206832201E0,-1.529883045E-1,1.051964967E0,1.608253610E0
3.869826375E1,-1.273517868E0,-9.012079597E-2,1.002498107E0,1.623259675E0
3.870821475E1,-1.026868717E0,3.509498835E-3,6.265817821E-1,1.202944890E0
3.871816475E1,-7.041545995E-1,8.741002679E-3,5.013402700E-2,7.059911655E-1
3.872811475E1,-3.013170725E-1,8.563890517E-2,-3.864927685E-1,4.974963923E-1
3.873806575E1,7.793560054E-2,1.448396248E-1,-5.983917707E-1,6.205845519E-1
3.874801575E1,2.706993337E-1,1.018345231E-1,-5.591575384E-1,6.295280392E-1
3.875796575E1,2.362135521E-1,7.905727923E-2,-5.094006568E-1,5.670413784E-1
3.876791675E1,4.878141984E-2,-2.348183334E-2,-4.115703070E-1,4.151158164E-1
3.877786675E1,-2.451805497E-1,-1.432795876E-1,-4.052330947E-1,4.948296709E-1
3.878781675E1,-5.700494394E-1,-2.315526634E-1,-4.137565809E-1,7.414630858E-1
3.879776775E1,-7.487071668E-1,-3.016455764E-1,-1.778243530E-1,8.265433902E-1
3.880771775E1,-6.097851435E-1,-3.454763049E-1,-1.101404929E-1,7.094524132E-1
3.881766775E1,-1.316430438E-1,-2.858300275E-1,4.526212692E-2,3.179266514E-1
3.882761875E1,6.931466313E-1,-9.735029340E-3,-2.148243642E-1,7.257386104E-1
3.883756875E1,1.367493295E0,3.724758232E-1,-7.088041592E-1,1.584670151E0
3.884751875E1,1.767545318E0,5.704216146E-1,-1.169970549E0,2.195091879E0
3.885746875E1,1.641820533E0,6.507880855E-1,-1.524432271E0,2.333022405E0
3.886741975E1,1.201982886E0,4.821742666E-1,-1.406298634E0,1.911787312E0
3.887736975E1,7.079962201E-1,3.415686107E-1,-9.021119392E-1,1.196550757E0
3.888731975E1,3.160200790E-1,2.736695731E-1,-3.384274864E-1,5.378632624E-1
3.889727075E1,7.099660009E-2,1.572515094E-1,-1.979680109E-1,2.626021473E-1
3.890722075E1,-3.498652250E-2,1.112619889E-1,-2.499784094E-1,2.758486761E-1
3.891717075E1,-1.487106277E-1,5.827393591E-2,-4.228086555E-1,4.519710849E-1
3.892712175E1,-2.711795363E-1,-1.192715049E-2,-7.042930323E-1,7.547908804E-1
3.893707175E1,-2.224611202E-1,1.355267644E-2,-9.197255069E-1,9.463443523E-1
3.894702175E1,-1.362759389E-1,7.038644314E-2,-9.031960130E-1,9.161268584E-1
3.895697275E1,-1.588514538E-1,1.225061846E-1,-7.880690145E-1,8.132000500E-1
3.896692275E1,-1.818152238E-1,1.002101666E-1,-6.092833793E-1,6.436808910E-1
3.897687275E1,-5.025944978E-2,1.081904465E-1,-3.113279808E-1,3.334011047E-1
3.898682275E1,1.373915876E-1,5.812834024E-2,2.147740781E-2,1.507203747E-1
3.899677375E1,4.524288958E-1,2.405427575E-2,3.256712008E-1,5.579715449E-1
3.900672375E1,8.414038074E-1,5.403938234E-2,2.043508315E-1,8.675482029E-1
3.901667375E1,1.039776592E0,5.567543328E-2,1.908297300E-2,1.041440961E0
3.902662475E1,1.042738060E0,-6.912519872E-2,-3.795135319E-2,1.045715669E0
3.903657475E1,8.743131065E-1,-1.527602631E-1,5.851776481E-2,8.894849268E-1
3.904652475E1,4.155334036E-1,-3.162577683E-1,3.588319302E-2,5.234258200E-1
3.905647575E1,-1.190984273E-1,-6.050763077E-1,-1.710597092E-1,6.399712475E-1
3.906642575E1,-1.877222273E-1,-5.237286741E-1,7.681077898E-2,5.616326686E-1
3.907637575E1,4.014069691E-2,-3.149193406E-1,4.164106321E-1,5.236251342E-1
3.908632675E1,2.829549515E-1,-1.130155689E-1,7.054911268E-1,7.684749530E-1
3.909627675E1,3.254209399E-1,-4.127958834E-2,7.150647730E-1,7.867149561E-1
3.910622675E1,2.384057464E-1,3.980667472E-2,3.097895783E-1,3.929267796E-1
3.911617675E1,1.098390689E-1,9.313152730E-2,-4.795360029E-2,1.517815872E-1
3.912612775E1,-7.418508679E-2,1.104088801E-1,-1.556376779E-1,2.047355238E-1
3.913607775E1,-3.291270514E-1,1.353718132E-1,-8.592132568E-2,3.661046544E-1
3.914602775E1,-5.224684529E-1,9.857937813E-2,-1.399823427E-3,5.316889481E-1
3.915597875E1,-6.321205571E-1,7.817668855E-2,1.135435724E-1,6.469776938E-1
3.916592875E1,-7.059976418E-1,6.938481510E-2,8.882856131E-2,7.149387639E-1
3.917587875E1,-7.776988314E-1,3.505756617E-2,3.901847005E-2,7.794658083E-1
3.918582975E1,-7.503322542E-1,1.587402105E-2,-7.263411283E-2,7.540067576E-1
3.919577975E1,-6.603411202E-1,-8.244574070E-5,-2.624060816E-1,7.105683313E-1
3.920572975E1,-5.614281584E-1,-3.334491670E-2,-4.792290241E-1,7.389004791E-1
3.921568075E1,-3.594599211E-1,-1.271827877E-2,-5.891449839E-1,6.902644432E-1
3.922563075E1,1.170320213E-2,1.059047699E-2,-6.338416851E-1,6.340381730E-1
3.923558075E1,3.151669702E-1,6.050640285E-2,-5.435571671E-1,6.312255047E-1
3.924553075E1,4.792189376E-1,4.034578800E-2,-2.801213908E-1,5.565487996E-1
3.925548175E1,4.916834472E-1,-5.810378194E-2,-3.405067563E-2,4.962742289E-1
3.926543175E1,3.937253357E-1,-1.453495020E-1,1.711585271E-1,4.532563945E-1
3.927538175E1,3.450421491E-1,-2.162335432E-1,2.180859411E-1,4.619226207E-1
3.928533275E1,3.072149031E-1,-2.290705204E-1,2.596356708E-1,4.628876554E-1
3.929528275E1,2.438799097E-1,-2.389400357E-1,2.119434410E-1,4.018579017E-1
3.930523250E1,1.790950991E-1,-2.118697661E-1,2.066967344E-1,3.459586570E-1
3.931518350E1,1.862038516E-1,-1.193650603E-1,3.268973619E-1,3.946920029E-1
3.932513350E1,2.054607792E-1,-4.272794366E-2,4.686227596E-1,5.134657727E-1
3.933508350E1,1.673569599E-1,-4.907158792E-2,4.668042755E-1,4.983197813E-1
3.934503450E1,1.326977353E-1,-6.748271585E-2,3.999565673E-1,4.267644100E-1
3.935498450E1,4.503934801E-2,-3.754029393E-2,3.078675985E-1,3.134011403E-1
3.936493450E1,-5.225364268E-3,-2.049858391E-2,1.670409179E-1,1.683750712E-1
3.937488450E1,-3.255159572E-2,5.054859459E-2,1.121998823E-1,1.272932849E-1
3.938483550E1,-9.313138112E-2,8.456477165E-2,5.740737855E-2,1.382760350E-1
3.939478550E1,-1.966617429E-1,1.300099164E-1,-2.083362937E-2,2.366695156E-1
3.940473550E1,-2.919098161E-1,2.080965579E-1,-4.351614833E-2,3.611221030E-1
3.941468650E1,-3.519990201E-1,2.555777031E-1,-6.351245642E-3,4.350443780E-1
3.942463650E1,-4.143892497E-1,2.199289834E-1,-1.642763543E-1,4.970653162E-1
3.943458650E1,-3.815210272E-1,1.997040492E-1,-2.796354872E-1,5.134549710E-1
3.944453750E1,-2.755206554E-1,1.300689733E-1,-3.342560828E-1,4.522794470E-1
3.945448750E1,-1.602425064E-1,3.318879604E-2,-4.004687834E-1,4.326134574E-1
3.946443750E1,-2.274683833E-2,-1.610907912E-2,-3.390543079E-1,3.401980964E-1
3.947438850E1,1.417938101E-1,-6.238277435E-2,-3.449921554E-1,3.781754651E-1
3.948433850E1,3.441850935E-1,-7.631259620E-2,-2.308129907E-1,4.213806208E-1
3.949428850E1,5.126145789E-1,-5.808448613E-2,-7.065366089E-2,5.207105279E-1
3.950423950E1,5.935078838E-1,-1.119788575E-1,6.124490619E-2,6.070764460E-1
3.951418950E1,5.914253980E-1,-1.410330874E-1,1.325435150E-1,6.222878084E-1
3.952413950E1,5.056829971E-1,-1.329411256E-1,1.657282180E-1,5.485020316E-1
3.953408950E1,3.757751146E-1,-1.687728631E-1,1.676741713E-1,4.447536889E-1
3.954404050E1,2.858686191E-1,-2.170907450E-1,1.194551075E-1,3.783104302E-1
3.955399050E1,3.031940652E-1,-2.068809217E-1,1.416926533E-1,3.934503335E-1
3.956394050E1,3.198736864E-1,-1.565586144E-1,1.898906672E-1,4.035941532E-1
3.957389150E1,3.363135718E-1,-8.597862840E-2,1.610539538E-1,3.826715552E-1
3.958384150E1,3.940444475E-1,3.976223588E-2,1.027273929E-1,4.091515359E-1
3.959379150E1,3.297901256E-1,1.256946713E-1,6.066661656E-2,3.581076873E-1
3.960374250E1,1.126257057E-1,9.395013750E-2,1.059135407E-1,1.809111827E-1
3.961369250E1,-2.122032036E-1,3.600130677E-3,-4.347989559E-3,2.122782739E-1
3.962364250E1,-3.578466743E-1,-2.549269080E-2,-6.382235885E-2,3.643863514E-1
3.963359350E1,-3.275787087E-1,3.412668943E-2,-2.254101634E-2,3.301220058E-1
3.964354350E1,-2.204448541E-1,7.816294760E-2,-5.169640303E-2,2.395368409E-1
3.965349350E1,-1.377620088E-1,1.203444690E-1,-2.010144103E-1,2.717865990E-1
3.966344350E1,-9.966447517E-2,1.353624576E-1,-2.339003205E-1,2.880370853E-1
3.967339450E1,-7.828778565E-2,9.518799305E-2,-2.013003391E-1,2.360329594E-1
3.968334450E1,-8.845945582E-2,1.544629723E-2,-1.266273022E-1,1.552357468E-1
3.969329450E1,-1.053618559E-1,-6.175185978E-2,-1.265074342E-1,1.758366964E-1
3.970324550E1,-7.360401973E-2,-1.591974628E-1,-2.043800676E-1,2.693187626E-1
3.971319550E1,-4.346381575E-2,-1.891071403E-1,-2.278975689E-1,2.993124049E-1
3.972314550E1,3.446231961E-2,-2.213799700E-1,-2.555051976E-1,3.398229666E-1
3.973309650E1,1.727735281E-1,-2.190983865E-1,-1.892305166E-1,3.371394123E-1
3.974304650E1,2.878683668E-1,-2.411315721E-1,4.905930877E-2,3.787076016E-1
3.975299650E1,4.022485296E-1,-3.097632658E-1,2.094472647E-1,5.492042581E-1
3.976294750E1,4.800974818E-1,-3.139829090E-1,4.562167221E-1,7.329478540E-1
3.977289750E1,4.759212542E-1,-3.078108805E-1,5.069728929E-1,7.604407225E-1
3.978284750E1,4.116498291E-1,-2.949376506E-1,5.246051717E-1,7.291463404E-1
3.979279750E1,2.999415515E-1,-2.818281931E-1,5.331959009E-1,6.735650923E-1
3.980274850E1,2.111971901E-1,-3.217228684E-1,4.746377903E-1,6.110571898E-1
3.981269850E1,1.157807171E-1,-3.085409054E-1,4.634772098E-1,5.686948116E-1
3.982264850E1,2.039479584E-2,-2.620131487E-1,4.444193798E-1,5.163094256E-1
3.983259950E1,1.726609692E-2,-2.250856429E-1,3.926785380E-1,4.529438143E-1
3.984254950E1,4.523362175E-2,-1.822442633E-1,4.331880480E-1,4.721344480E-1
3.985249950E1,2.038441703E-2,-1.478933331E-1,4.701149690E-1,4.932504907E-1
3.986245050E1,-5.954819039E-2,-1.125150472E-1,4.995188624E-1,5.154849335E-1
3.987240050E1,-1.305504915E-1,-1.010945579E-1,4.238798654E-1,4.549040347E-1
3.988235050E1,-2.385057338E-1,-1.445519418E-1,1.491215408E-1,3.162554076E-1
3.989230150E1,-2.588465890E-1,-1.113131520E-1,-9.245149612E-2,2.965458710E-1
3.990225150E1,-1.655867153E-1,-6.535257518E-2,-2.122024727E-1,2.769834089E-1
3.991220150E1,-1.207501195E-1,-9.987336695E-3,-1.857742274E-1,2.217936018E-1
3.992215150E1,-1.002665922E-1,1.250134706E-3,-9.328530908E-2,1.369565670E-1
3.993210250E1,-1.203137711E-2,1.280891061E-2,4.543988228E-2,4.871965853E-2
3.994205250E1,1.121756163E-1,-2.126193792E-2,-8.673993587E-2,1.433849901E-1
3.995200250E1,2.826444644E-1,-7.382255942E-2,-4.517979813E-1,5.380140141E-1
3.996195350E1,4.250762057E-1,-7.817201078E-2,-1.058995074E0,1.143796840E0
3.997190350E1,5.032037777E-1,2.614290118E-3,-1.490337156E0,1.572998956E0
3.998185350E1,5.055746774E-1,1.509058186E-1,-1.688659508E0,1.769166260E0
3.999180450E1,6.254105848E-1,2.318888783E-1,-1.522317333E0,1.662035172E0
4.000175450E1,8.629706776E-1,2.816068760E-1,-1.343615313E0,1.621518711E0
4.001170450E1,1.114305056E0,3.647998908E-1,-1.203445859E0,1.680189470E0
4.002165550E1,1.332429881E0,4.639900106E-1,-1.182608137E0,1.840982923E0
4.003160550E1,1.300381877E0,4.871932241E-1,-1.335502886E0,1.926633910E0
4.004155550E1,1.013269848E0,4.870254090E-1,-1.309703216E0,1.726045204E0
4.005150550E1,6.755737017E-1,2.973233145E-1,-1.228504686E0,1.433186919E0
4.006145650E1,3.966246776E-1,2.019584432E-1,-9.590731752E-1,1.057317220E0
4.007140650E1,1.930078179E-1,1.143867409E-1,-5.429987580E-1,5.875236126E-1
4.008135650E1,-9.180771768E-2,5.297518909E-2,-1.516171324E-1,1.849940067E-1
4.009130750E1,-4.552409680E-1,-3.003393084E-2,8.784973741E-2,4.646116145E-1
4.010125750E1,-7.356371780E-1,-9.352153659E-2,2.812265146E-1,7.930931143E-1
4.011120750E1,-9.430675918E-1,-1.441905838E-1,2.612693828E-1,9.891557499E-1
4.012115850E1,-1.053130024E0,-7.954903007E-2,3.552516800E-1,1.114277637E0
4.013110850E1,-1.051952249E0,2.040210485E-2,4.493450743E-1,1.144085126E0
4.014105850E1,-1.016939560E0,2.842623889E-2,5.512421626E-1,1.157083420E0
4.015100950E1,-1.001426897E0,1.931861579E-2,7.634914130E-1,1.259423748E0
4.016095950E1,-8.927217494E-1,-2.416420341E-2,9.490650809E-1,1.303173265E0
4.017090950E1,-6.656749503E-1,-8.837540209E-2,9.374513412E-1,1.153147158E0
4.018085950E1,-5.436483836E-1,-1.500886703E-1,6.407530940E-1,8.536068775E-1
4.019081050E1,-4.626917826E-1,-2.353972077E-1,4.585193557E-1,6.926294324E-1
4.020076050E1,-4.162216209E-1,-3.328170830E-1,3.282866603E-1,6.259231421E-1
4.021071050E1,-4.768399979E-1,-4.315578443E-1,4.193839413E-1,7.677899757E-1
4.022066150E1,-5.652906829E-1,-5.468146509E-1,6.150592589E-1,9.984276191E-1
4.023061150E1,-5.729136980E-1,-6.116181725E-1,8.704393262E-1,1.208292810E0
4.024056150E1,-5.068891315E-1,-6.201890212E-1,1.176449264E0,1.423237115E0
4.025051250E1,-3.681241791E-1,-6.493794912E-1,1.294980512E0,1.494718589E0
4.026046250E1,-1.787621002E-1,-6.120765942E-1,1.121734529E0,1.290303064E0
4.027041250E1,-2.495489314E-2,-5.597463530E-1,7.976333052E-1,9.747602864E-1
4.028036350E1,-1.285656542E-3,-5.500244799E-1,4.426277930E-1,7.060084592E-1
4.029031350E1,-5.059581086E-2,-5.433984151E-1,3.073881269E-1,6.263619035E-1
4.030026350E1,-1.973006974E-1,-5.691630015E-1,4.193570441E-1,7.339852981E-1
4.031021488E1,-3.124173170E-1,-5.784460410E-1,6.266110182E-1,9.082102017E-1
4.032016488E1,-3.290218015E-1,-5.520897165E-1,9.163352913E-1,1.119253665E0
4.033011487E1,-2.528365284E-1,-5.382046258E-1,1.084796498E0,1.237082847E0
4.034006487E1,-2.128044435E-1,-5.266204146E-1,9.722837895E-1,1.126033108E0
4.035001588E1,-1.554225004E-1,-4.804241949E-1,7.795946449E-1,9.288333387E-1
4.035996587E1,-1.209470245E-1,-4.681888962E-1,6.033484554E-1,7.732130262E-1
4.036991587E1,-1.765281714E-1,-4.837471676E-1,5.887502968E-1,7.821767252E-1
4.037986688E1,-2.328675561E-1,-5.212126172E-1,6.613171667E-1,8.736305202E-1
4.038981687E1,-2.302950735E-1,-5.505595002E-1,9.238513023E-1,1.099842176E0
4.039976687E1,-1.356216355E-1,-6.136071029E-1,1.330428672E0,1.471376008E0
4.040971788E1,9.019607887E-2,-7.345032567E-1,1.915556034E0,2.053529957E0
4.041966787E1,3.634851444E-1,-8.647175333E-1,2.435698611E0,2.610073866E0
4.042961787E1,5.801582520E-1,-8.786853620E-1,2.772313460E0,2.965534266E0
4.043956888E1,6.861681256E-1,-1.017516973E0,2.813041071E0,3.069098818E0
4.044951887E1,8.447874449E-1,-1.094059949E0,2.664544598E0,3.001737982E0
4.045946887E1,1.050296171E0,-1.132237882E0,2.502424697E0,2.940614567E0
4.046941887E1,1.301590204E0,-1.205419879E0,2.561482744E0,3.115825411E0
4.047936987E1,1.583815131E0,-1.237888298E0,2.668232437E0,3.340703840E0
4.048931987E1,1.601903200E0,-1.255098993E0,2.753003030E0,3.423505956E0
4.049926987E1,1.388695883E0,-1.240613393E0,2.673731158E0,3.258287304E0
4.050922087E1,1.544804262E0,-1.230837141E0,2.432507785E0,3.133444494E0
4.051917087E1,2.099442195E0,-1.165214132E0,1.903226010E0,3.063927341E0
4.052912087E1,2.701280023E0,-9.350104210E-1,1.549826143E0,3.251633331E0
4.053907187E1,3.262232949E0,-8.799175166E-1,1.227644561E0,3.594931128E0
4.054902187E1,3.621495818E0,-9.087963299E-1,1.098248602E0,3.891952302E0
4.055897187E1,3.644412811E0,-1.132641486E0,1.271936050E0,4.022740706E0
4.056892287E1,3.418361793E0,-1.383945605E0,1.647330803E0,4.039084248E0
4.057887287E1,3.197349905E0,-1.764964357E0,2.048559140E0,4.187450315E0
4.058882287E1,3.715272294E0,-2.107586636E0,1.847252954E0,4.653763329E0
4.059877387E1,4.650964792E0,-1.794110242E0,8.796902061E-1,5.062031205E0
4.060872387E1,5.458770499E0,-1.391387064E0,-4.170351148E-2,5.633460083E0
4.061867387E1,6.094482123E0,-1.123591750E0,-7.190970129E-1,6.238771617E0
4.062862388E1,6.250709201E0,-1.043989218E0,-1.187316315E0,6.447557602E0
4.063857487E1,5.898526724E0,-9.977846664E-1,-1.415967297E0,6.147613776E0
4.064852487E1,5.297185033E0,-1.089094640E0,-1.554496022E0,5.626966704E0
4.065847488E1,4.689655234E0,-1.021610755E0,-1.477932873E0,5.022035476E0
4.066842587E1,4.243987473E0,-1.024270580E0,-1.531440743E0,4.626647884E0
4.067837587E1,4.099186440E0,-9.814317584E-1,-1.479395554E0,4.467118643E0
4.068832588E1,3.876239709E0,-7.809828470E-1,-1.482536970E0,4.222923674E0
4.069827687E1,3.607438527E0,-9.339137026E-1,-1.541195361E0,4.032504268E0
4.070822687E1,3.260489309E0,-1.030135483E0,-1.429823444E0,3.706260208E0
4.071817688E1,2.741950623E0,-1.269067991E0,-1.117735033E0,3.221514922E0
4.072812787E1,2.127734533E0,-1.539071944E0,-7.754879992E-1,2.738134096E0
4.073807787E1,1.452121509E0,-1.757394113E0,-5.968599464E-1,2.356551026E0
4.074802788E1,7.807412839E-1,-1.994227104E0,-5.134944387E-1,2.202311339E0
4.075797788E1,3.178061110E-1,-2.050262580E0,-6.575850351E-1,2.176463979E0
4.076792887E1,-1.848831117E-2,-2.036797904E0,-1.111900608E0,2.320605628E0
4.077787888E1,-3.095773244E-1,-1.786355957E0,-1.843967403E0,2.585946927E0
4.078782888E1,-5.472321421E-1,-1.954065796E0,-2.735473663E0,3.405973035E0
4.079777987E1,-8.798270309E-1,-1.939479917E0,-3.468293506E0,4.069980073E0
4.080772987E1,-1.184091575E0,-1.615284115E0,-3.838963709E0,4.329995149E0
4.081767988E1,-1.436831040E0,-1.483474425E0,-4.169002780E0,4.652500831E0
4.082763087E1,-1.435625344E0,-9.896241461E-1,-4.024971825E0,4.386430698E0
4.083758087E1,-1.226200299E0,-6.094495864E-1,-3.758062803E0,3.999753992E0
4.084753088E1,-9.000806165E-1,-4.555865385E-1,-3.675268568E0,3.811207585E0
4.085748187E1,-5.862260538E-1,-7.638799605E-1,-3.624804758E0,3.750517713E0
4.086743187E1,-2.901593059E-1,-1.183822457E0,-3.494558029E0,3.701022001E0
4.087738188E1,-2.296610892E-1,-1.463742850E0,-3.444994690E0,3.750103434E0
4.088733287E1,-4.450625736E-1,-1.843482669E0,-3.508608888E0,3.988338674E0
4.089728287E1,-7.924503332E-1,-1.889059084E0,-3.496013986E0,4.051991553E0
4.090723288E1,-1.079859109E0,-1.685536510E0,-3.335304433E0,3.889908056E0
4.091718387E1,-1.480495707E0,-1.565718437E0,-3.373099666E0,4.002642017E0
4.092713387E1,-1.540094038E0,-1.571475459E0,-3.497289848E0,4.131883475E0
4.093708388E1,-1.418804074E0,-1.530316762E0,-3.549192073E0,4.117236788E0
4.094703388E1,-1.251372562E0,-1.930976750E0,-3.908874189E0,4.535846329E0
4.095698487E1,-1.240726537E0,-2.179881318E0,-4.420866916E0,5.082848531E0
4.096693488E1,-1.141388190E0,-2.072419873E0,-4.506370751E0,5.089702199E0
4.097688488E1,-1.248410947E0,-2.094707412E0,-4.318403817E0,4.959328641E0
4.098683587E1,-1.395756104E0,-1.998114333E0,-3.981988943E0,4.668707737E0
4.099678588E1,-1.489361840E0,-1.789757721E0,-3.580203366E0,4.270747889E0
4.100673588E1,-1.425086322E0,-1.778868012E0,-3.292709806E0,4.004644840E0
4.101668687E1,-1.256646166E0,-1.768157521E0,-3.180377777E0,3.849719913E0
4.102663688E1,-1.066215801E0,-1.812702341E0,-3.242800312E0,3.865030372E0
4.103658688E1,-1.052026362E0,-1.957033843E0,-3.380460141E0,4.045275231E0
4.104653787E1,-1.357516483E0,-2.043524103E0,-3.311857098E0,4.121557861E0
4.105648788E1,-1.885945734E0,-2.178119844E0,-3.168884490E0,4.282852586E0
4.106643788E1,-2.244749013E0,-2.216036699E0,-2.964475186E0,4.328721510E0
4.107638887E1,-2.316587319E0,-2.156337942E0,-2.881138330E0,4.279874788E0
4.108633888E1,-1.751807098E0,-1.801666599E0,-2.661333307E0,3.660263053E0
4.109628888E1,-5.343934107E-1,-1.607403091E0,-2.535495964E0,3.049272175E0
4.110623987E1,8.506026471E-1,-1.418791941E0,-2.539162460E0,3.030485346E0
4.111618987E1,1.836043841E0,-1.192266860E0,-2.684986464E0,3.464348360E0
4.112613988E1,1.991701984E0,-1.358683003E0,-3.344227284E0,4.122711780E0
4.113608987E1,1.531765848E0,-1.600904350E0,-3.352703408E0,4.018684050E0
4.114604087E1,7.423718548E-1,-1.502720974E0,-3.250836141E0,3.657488470E0
4.115599088E1,6.662855458E-1,-1.361628830E0,-2.943622261E0,3.311024239E0
4.116594087E1,1.474031610E0,-1.307887655E0,-2.755015350E0,3.387247981E0
4.117589187E1,2.812663926E0,-1.389763585E0,-3.113251741E0,4.419825515E0
4.118584188E1,4.031085089E0,-1.500664070E0,-3.376553031E0,5.468340700E0
4.119579187E1,4.756856698E0,-1.780954299E0,-3.551649658E0,6.197878601E0
4.120574287E1,4.978984820E0,-2.362906623E0,-3.349820731E0,6.449412103E0
4.121569288E1,4.672924595E0,-2.518130903E0,-2.555450172E0,5.891309965E0
4.122564287E1,4.045751075E0,-2.533292733E0,-1.923935679E0,5.146571901E0
4.123559387E1,3.332386672E0,-2.457930017E0,-1.754385720E0,4.497120207E0
4.124554388E1,3.148762466E0,-2.098494654E0,-2.154614768E0,4.354394296E0
4.125549388E1,3.800978149E0,-2.000801421E0,-2.870249645E0,5.166137265E0
4.126544487E1,4.811013025E0,-1.851535016E0,-3.465905503E0,6.211805631E0
4.127539488E1,5.958727317E0,-1.501832051E0,-3.718882365E0,7.182758300E0
4.128534488E1,6.853239630E0,-1.380801704E0,-3.797671841E0,7.955866904E0
4.129529587E1,7.055496574E0,-1.424557296E0,-3.595851685E0,8.046088785E0
4.130524954E1,6.726260326E0,-1.895370276E0,-3.118173927E0,7.652320896E0
4.131519954E1,5.907616221E0,-2.503408783E0,-2.242495496E0,6.796747089E0
4.132514954E1,4.978961431E0,-3.005394293E0,-1.071795214E0,5.913644965E0
4.133510054E1,4.399328697E0,-3.283071548E0,2.131672633E-1,5.493459025E0
4.134505054E1,4.276461447E0,-3.459305458E0,1.506741520E0,5.703085724E0
4.135500054E1,4.003217259E0,-3.002572719E0,2.133742547E0,5.440041233E0
4.136495154E1,3.909527030E0,-2.727247800E0,1.836149676E0,5.108202012E0
4.137490154E1,3.962585250E0,-2.457498200E0,1.294677626E0,4.839170324E0
4.138485154E1,3.924468420E0,-2.345926309E0,9.526564407E-1,4.670372247E0
4.139480254E1,3.842345738E0,-2.504179154E0,9.989394915E-1,4.693869844E0
4.140475254E1,3.563068101E0,-2.627295203E0,1.451181861E0,4.658761978E0
4.141470254E1,3.000377382E0,-2.438139531E0,2.011794772E0,4.358222919E0
4.142465354E1,2.419918437E0,-2.514433123E0,2.242562739E0,4.148188377E0
4.143460354E1,1.898832997E0,-2.394549415E0,2.633488281E0,4.034190647E0
4.144455354E1,1.572525181E0,-2.152087601E0,3.190050241E0,4.157010588E0
4.145450454E1,1.494683391E0,-1.963744107E0,3.577062242E0,4.345773078E0
4.146445454E1,1.432459661E0,-1.608769001E0,3.794255313E0,4.363078244E0
4.147440454E1,1.229009155E0,-1.407021350E0,3.481904070E0,3.951433731E0
4.148435554E1,1.196877535E0,-1.228382480E0,3.073030499E0,3.519226591E0
4.149430554E1,1.348691427E0,-1.084749135E0,2.655847449E0,3.170043363E0
4.150425554E1,1.503311689E0,-1.036329512E0,2.255909593E0,2.902249642E0
4.151420654E1,1.465445559E0,-8.494852442E-1,2.158794358E0,2.744002359E0
4.152415654E1,1.113482645E0,-7.961931360E-1,2.244288252E0,2.628801413E0
4.153410654E1,5.373830920E-1,-7.594094718E-1,2.493780758E0,2.661658468E0
4.154405654E1,1.647694208E-1,-7.362065506E-1,2.667781032E0,2.772400527E0
4.155400754E1,3.658690542E-2,-7.411228895E-1,2.819687017E0,2.915688017E0
4.156395754E1,-3.160010755E-2,-6.858409739E-1,2.839261156E0,2.921092316E0
4.157390754E1,5.120085150E-2,-5.904342949E-1,2.457995798E0,2.528433809E0
4.158385854E1,-4.075947851E-3,-5.524192071E-1,1.771866556E0,1.855988871E0
4.159380854E1,-1.104414783E-1,-4.871373832E-1,1.230479876E0,1.327998823E0
4.160375854E1,-4.653462723E-2,-4.047384202E-1,8.740944207E-1,9.643752986E-1
4.161370954E1,1.500315137E-1,-3.795614791E-1,6.905760491E-1,8.021668474E-1
4.162365954E1,2.501054402E-1,-2.291430259E-1,8.884785712E-1,9.510275648E-1
4.163360954E1,2.862834790E-1,-2.068627954E-1,1.104657735E0,1.159749610E0
4.164356054E1,3.988375564E-1,-2.764002228E-1,1.076160160E0,1.180503778E0
4.165351054E1,4.716064475E-1,-2.280577826E-1,7.807751977E-1,9.402302394E-1
4.166346054E1,3.665173642E-1,-3.141744053E-1,7.385664868E-1,8.823383652E-1
4.167341154E1,-1.872964038E-1,-4.181145108E-1,5.096842468E-1,6.853303717E-1
4.168336154E1,-7.146293016E-1,-5.041083419E-1,1.837838352E-1,8.936424101E-1
4.169331154E1,-8.224029147E-1,-5.579647064E-1,2.388014567E-1,1.022104351E0
4.170326154E1,-7.786669841E-1,-3.794813722E-1,5.491810191E-1,1.025635498E0
4.171321254E1,-5.948749629E-1,-3.137960905E-1,4.820807111E-1,8.274938186E-1
4.172316254E1,-1.402397664E-1,-1.204099578E-1,2.161025655E-1,2.843695990E-1
4.173311254E1,3.125616702E-1,7.426022351E-2,9.560197592E-4,3.212635871E-1
4.174306354E1,5.702441517E-1,2.271286601E-1,-1.606943500E-1,6.344986169E-1
4.175301354E1,6.492543608E-1,2.268789840E-1,-3.294145882E-1,7.625741074E-1
4.176296354E1,5.555324109E-1,1.920623231E-1,-3.293292189E-1,6.737669700E-1
4.177291454E1,1.182175443E-1,6.706230104E-2,-2.845921719E-1,3.153814267E-1
4.178286454E1,-2.230492039E-1,-4.941540420E-2,-3.314874262E-1,4.025875597E-1
4.179281454E1,-2.280161212E-1,-7.345915496E-2,-4.032836330E-1,4.690685319E-1
4.180276554E1,-2.811505008E-1,-8.075004816E-2,-3.561550748E-1,4.608824272E-1
4.181271554E1,-4.564872289E-1,-5.330906510E-2,-1.967301553E-1,4.999251950E-1
4.182266554E1,-5.288403100E-1,-8.062199414E-2,-1.545547736E-1,5.568295587E-1
4.183261654E1,-4.365302434E-1,-9.276607633E-2,-7.357785344E-2,4.523028839E-1
4.184256654E1,-2.655992460E-1,-5.066320002E-2,6.235236883E-2,2.774843009E-1
4.185251654E1,-6.314773634E-2,-4.288172543E-2,5.605550230E-2,9.470321176E-2
4.186246754E1,1.744147684E-1,-1.455547392E-2,1.497892928E-1,2.303675444E-1
4.187241754E1,3.748834142E-1,-1.400466621E-2,9.907639146E-2,3.880075209E-1
4.188236754E1,4.518492906E-1,-1.673239231E-2,-1.063456500E-1,4.644966648E-1
4.189231854E1,3.998022739E-1,1.470106959E-2,-4.927214742E-1,6.346908151E-1
4.190226854E1,1.983181860E-1,-2.044478953E-2,-1.024289510E0,1.043511904E0
4.191221854E1,-2.996734567E-2,-5.818739712E-2,-1.143125982E0,1.144998177E0
4.192216854E1,-1.939312029E-1,-6.780665159E-2,-8.510692549E-1,8.755146658E-1
4.193211954E1,-1.843941383E-1,-4.364946485E-2,-3.412715721E-1,3.903495356E-1
4.194206954E1,1.246816412E-2,-4.794132113E-2,1.419657183E-1,1.503598702E-1
4.195201954E1,3.238788830E-1,-8.778834164E-2,4.293955439E-1,5.449631702E-1
4.196197054E1,5.620308602E-1,-6.478130221E-3,5.623641515E-1,7.950937636E-1
4.197192054E1,8.949516582E-1,6.254532695E-2,4.077614307E-1,9.854540947E-1
4.198187054E1,1.135086865E0,1.310565680E-1,7.682773590E-2,1.145207630E0
4.199182154E1,1.168610779E0,1.388719565E-1,-1.432462585E-1,1.185519323E0
4.200177154E1,9.176180973E-1,1.294947767E-1,-1.828482807E-1,9.445768171E-1
4.201172154E1,3.403859017E-1,2.858002067E-2,-3.633395487E-1,4.986932998E-1
4.202167254E1,-2.505932441E-1,-1.448273456E-1,-3.880662543E-1,4.841150191E-1
4.203162254E1,-5.027096879E-1,-2.537738371E-1,-7.030575156E-2,5.675042638E-1
4.204157254E1,-4.353094178E-1,-2.312889540E-1,3.197199047E-1,5.875454765E-1
4.205152354E1,-9.570609290E-2,-1.163882428E-1,4.237307614E-1,4.497261805E-1
4.206147354E1,1.866525523E-1,-3.305314064E-2,3.803023213E-1,4.249253358E-1
4.207142354E1,4.171685775E-1,3.670297265E-3,5.443582356E-2,4.207212284E-1
4.208137454E1,5.458338536E-1,-1.575122952E-2,-2.928882015E-1,6.196500589E-1
4.209132454E1,4.997735817E-1,-1.169969380E-2,-4.707873988E-1,6.866959230E-1
4.210127454E1,2.274639248E-1,-4.303141415E-2,-5.708776975E-1,6.160299385E-1
4.211122554E1,-1.537288544E-1,-9.794495523E-2,-5.946279180E-1,6.219390129E-1
4.212117554E1,-3.350238953E-1,-1.572211039E-1,-5.342285192E-1,6.498919884E-1
4.213112554E1,-2.447166097E-1,-1.333293808E-1,-3.138586557E-1,4.197263377E-1
4.214107554E1,-1.928445344E-1,-1.168566048E-1,-1.237200665E-1,2.571986302E-1
4.215102654E1,-2.219248574E-1,-1.454880810E-1,-9.929156899E-2,2.833306191E-1
4.216097654E1,-2.285143771E-1,-1.012164724E-1,-6.890358925E-2,2.592514213E-1
4.217092654E1,-1.298814604E-1,-1.101229513E-1,-4.183799744E-2,1.753473016E-1
4.218087754E1,4.162391625E-2,-4.275542557E-2,6.175829172E-2,8.587586050E-2
4.219082754E1,2.395257074E-1,1.741710126E-2,1.393268698E-1,2.776470720E-1
4.220077754E1,2.779391003E-1,5.841251493E-2,1.366143465E-1,3.151597136E-1
4.221072854E1,1.214953837E-1,8.889697373E-2,8.585232854E-2,1.733044215E-1
4.222067854E1,-1.063360386E-1,1.145826226E-1,-5.822189569E-2,1.668122287E-1
4.223062854E1,-2.906135615E-1,1.176506567E-1,-1.433538473E-1,3.447437377E-1
4.224057954E1,-3.957979544E-1,1.223196584E-1,-1.436853844E-1,4.384787443E-1
4.225052954E1,-4.328451819E-1,1.449249941E-1,-1.065888941E-1,4.687423575E-1
4.226047954E1,-4.012913039E-1,1.501956743E-1,-3.748416066E-2,4.301145353E-1
4.227043054E1,-3.620250215E-1,1.064953387E-1,-7.354043126E-2,3.844627009E-1
4.228038054E1,-3.386365609E-1,9.143875837E-2,-7.317498028E-2,3.583159844E-1
4.229033054E1,-3.470002355E-1,4.277238250E-2,-2.549479580E-1,4.327090263E-1
4.230028154E1,-2.592039635E-1,7.076358855E-2,-3.421837378E-1,4.350676850E-1
4.231023112E1,-1.143005676E-1,2.970034719E-2,-2.532165974E-1,2.794018174E-1
4.232018112E1,-3.741161864E-2,2.475184858E-2,-2.029001373E-1,2.077997809E-1
4.233013213E1,2.655622624E-3,-4.999369383E-3,-2.735783565E-1,2.736369185E-1
4.234008213E1,2.778509170E-2,-2.966818750E-2,-2.807634151E-1,2.836905143E-1
4.235003212E1,2.664678499E-2,-5.083569288E-2,-4.117679429E-1,4.157489118E-1
4.235998212E1,4.530042619E-2,-6.881003380E-2,-5.354359692E-1,5.417366764E-1
4.236993313E1,9.845760986E-3,-1.107521117E-1,-5.318639052E-1,5.433619262E-1
4.237988312E1,-4.118961431E-3,-1.888808531E-1,-4.962450063E-1,5.309915713E-1
4.238983312E1,6.706727117E-2,-2.215387219E-1,-2.168966174E-1,3.172090270E-1
4.239978413E1,2.207171150E-1,-2.060816073E-1,9.478921294E-2,3.164975018E-1
4.240973412E1,3.925492414E-1,-1.791352987E-1,1.628192282E-1,4.611880996E-1
4.241968412E1,5.049029420E-1,-8.722408533E-2,2.169930965E-1,5.564360033E-1
4.242963513E1,5.912913871E-1,-8.059802055E-3,2.591199464E-1,6.456265263E-1
4.243958512E1,5.093869890E-1,-4.236892462E-3,-1.039459527E-2,5.095106509E-1
4.244953512E1,3.103538712E-1,1.437245607E-3,-2.272064281E-1,3.846353494E-1
4.245948613E1,1.343261483E-1,7.254055738E-3,-2.571646374E-1,2.902236830E-1
4.246943612E1,1.591849644E-2,3.654509783E-4,-1.546629471E-1,1.554804144E-1
4.247938612E1,4.359574355E-3,5.928491950E-3,1.361126554E-1,1.363114370E-1
4.248933713E1,4.048699826E-2,-5.240274668E-3,4.102628696E-1,4.122890730E-1
4.249928712E1,4.592077922E-2,-4.161229491E-2,4.920689249E-1,4.959557721E-1
4.250923712E1,2.284105159E-2,-8.552254558E-2,3.790457547E-1,3.892447862E-1
4.251918813E1,-2.192450054E-3,-5.718869269E-2,2.300528526E-1,2.370646925E-1
4.252913812E1,-3.632162455E-2,-1.088576138E-2,1.269717032E-1,1.325125414E-1
4.253908812E1,-1.362083305E-1,1.192948937E-2,-6.776922941E-3,1.368975847E-1
4.254903913E1,-2.497993384E-1,2.465595424E-2,-3.956576943E-2,2.541123288E-1
4.255898912E1,-3.038990202E-1,4.806703627E-2,6.616299927E-2,3.147103381E-1
4.256893912E1,-2.737551251E-1,1.546588540E-3,4.131759524E-2,2.768598999E-1
4.257888912E1,-2.027853492E-1,-2.985062063E-2,7.127229631E-2,2.170085197E-1
4.258884012E1,-8.367610451E-2,-9.012371957E-2,-9.729766846E-3,1.233638669E-1
4.259879012E1,2.427873574E-2,-1.615474588E-1,-2.261159223E-1,2.789542055E-1
4.260874012E1,1.390418181E-1,-2.280583674E-1,-3.539635384E-1,4.434336846E-1
4.261869112E1,2.171528351E-1,-1.991023707E-1,-3.608457112E-1,4.658398170E-1
4.262864112E1,2.424352454E-1,-1.608376068E-1,-2.583919680E-1,3.891143702E-1
4.263859112E1,2.298239341E-1,-1.773747021E-1,-1.589267367E-1,3.309660606E-1
4.264854213E1,2.885244427E-1,-1.564106798E-1,9.144226670E-2,3.406939139E-1
4.265849212E1,3.772840982E-1,-1.363389426E-1,2.029282039E-1,4.495680749E-1
4.266844212E1,3.992763899E-1,-1.056802368E-1,2.381360435E-1,4.767585586E-1
4.267839313E1,4.253944404E-1,-4.867339253E-2,1.433690500E-1,4.515353957E-1
4.268834312E1,4.231042688E-1,-4.514225900E-2,-3.377644122E-2,4.268441095E-1
4.269829312E1,3.485148836E-1,-5.280269623E-2,-9.908399284E-2,3.661535012E-1
4.270824413E1,2.177612013E-1,-5.978719532E-2,-4.755423546E-2,2.307723009E-1
4.271819412E1,8.505374506E-2,-1.498933733E-2,1.336638415E-1,1.591378092E-1
4.272814412E1,6.198918365E-2,8.048692346E-3,3.550540441E-1,3.605146524E-1
4.273809513E1,5.780941118E-2,2.314327955E-2,5.269241774E-1,5.305908293E-1
4.274804512E1,1.114618175E-2,5.320732355E-2,5.720331073E-1,5.746104180E-1
4.275799512E1,-1.042989052E-1,4.654909909E-2,3.197754532E-1,3.395606289E-1
4.276794613E1,-2.002643587E-1,4.593864977E-2,-8.304858863E-2,2.216150739E-1
4.277789612E1,-2.055323345E-1,9.006407797E-2,-3.824470800E-1,4.434194940E-1
4.278784612E1,-2.327932782E-1,1.199129444E-1,-5.619542617E-1,6.199713032E-1
4.279779713E1,-2.659819463E-1,1.198556417E-1,-4.777824229E-1,5.598105164E-1
4.280774712E1,-2.520337971E-1,8.601488113E-2,-1.843247026E-1,3.238752702E-1
4.281769712E1,-1.842965629E-1,6.877378106E-2,1.343222380E-2,1.971686605E-1
4.282764813E1,-6.030138485E-2,-9.446176887E-3,-2.693227530E-2,6.671457656E-2
4.283759812E1,2.829719815E-2,-9.958685338E-2,-1.683366609E-1,1.976246548E-1
4.284754812E1,3.855233733E-2,-1.690921211E-1,-4.614961731E-1,4.930082616E-1
4.285749812E1,1.068378028E-1,-1.541068769E-1,-6.098213232E-1,6.380010124E-1
4.286744912E1,1.868512845E-1,-1.456962419E-1,-5.731569421E-1,6.202013203E-1
4.287739912E1,2.230230376E-1,-1.148609501E-1,-5.478905386E-1,6.025913669E-1
4.288734912E1,2.390043551E-1,-8.194521904E-2,-3.779915017E-1,4.546599565E-1
4.289730012E1,2.837939539E-1,-7.229555905E-2,-1.893088692E-1,3.487169398E-1
4.290725012E1,3.386717539E-1,-9.160657346E-2,6.642670870E-2,3.570753825E-1
4.291720012E1,3.033170760E-1,-1.399677247E-1,2.240676427E-1,4.022418689E-1
4.292715112E1,2.093251675E-1,-1.687231618E-1,3.536185527E-1,4.442191035E-1
4.293710112E1,1.090337612E-1,-2.156400508E-1,3.644464266E-1,4.372758745E-1
4.294705112E1,3.486113627E-2,-2.000303239E-1,2.234519309E-1,3.019241539E-1
4.295700213E1,4.828972382E-2,-1.528514796E-1,2.548123026E-1,3.010395021E-1
4.296695212E1,4.032075461E-2,-1.022678018E-1,2.900838768E-1,3.102146388E-1
4.297690212E1,5.894691389E-2,-7.092438698E-2,3.010672867E-1,3.148754015E-1
4.298685313E1,5.004043501E-2,-6.306689858E-2,2.644075835E-1,2.763925633E-1
4.299680312E1,-3.520736452E-2,-9.217375338E-2,6.827442884E-2,1.199873200E-1
4.300675312E1,-6.952054359E-2,-1.238872969E-1,-2.119089425E-2,1.436322468E-1
4.301670413E1,-5.406406855E-2,-1.292135257E-1,6.505612135E-2,1.544388476E-1
4.302665412E1,-6.178716235E-2,-1.734500510E-1,8.096054792E-2,2.011397125E-1
4.303660412E1,-1.643905395E-1,-2.050215071E-1,1.002300471E-1,2.812545648E-1
4.304655413E1,-2.105000924E-1,-2.534703666E-1,2.547538304E-1,4.164817280E-1
4.305650512E1,-2.048436239E-1,-2.556578100E-1,3.620262641E-1,4.882467019E-1
4.306645512E1,-1.420007650E-1,-2.651209438E-1,3.520199239E-1,4.630025474E-1
4.307640513E1,-5.566041324E-2,-2.978583348E-1,3.004626846E-1,4.267264862E-1
4.308635612E1,8.092436828E-3,-2.912486422E-1,1.798673701E-1,3.424084257E-1
4.309630612E1,7.386458628E-2,-3.361067265E-1,1.615024352E-1,3.801404284E-1
4.310625613E1,1.007731073E-1,-3.992040306E-1,1.984679478E-1,4.570652071E-1
4.311620712E1,1.312294263E-1,-4.417004246E-1,1.195094866E-1,4.760283025E-1
4.312615712E1,2.679913968E-1,-4.233688188E-1,1.089020526E-1,5.127574500E-1
4.313610712E1,4.198711605E-1,-4.327629554E-1,2.587802231E-1,6.561575809E-1
4.314605812E1,4.700234601E-1,-3.971095580E-1,4.654769576E-1,7.715483472E-1
4.315600812E1,4.319107968E-1,-4.169620246E-1,5.411779350E-1,8.082560385E-1
4.316595812E1,3.265052330E-1,-4.664066648E-1,5.755718422E-1,8.095824786E-1
4.317590912E1,9.834364397E-2,-4.902001548E-1,5.681657588E-1,7.568222999E-1
4.318585912E1,-1.314211145E-1,-4.966221517E-1,5.710601306E-1,7.681241721E-1
4.319580912E1,-2.926777748E-1,-5.382151508E-1,6.326587933E-1,8.806775671E-1
4.320576012E1,-3.679261778E-1,-6.029853433E-1,8.047674930E-1,1.070799568E0
4.321571012E1,-3.727028048E-1,-6.704218662E-1,9.478506142E-1,1.219341481E0
4.322566012E1,-4.374725953E-1,-8.074864483E-1,8.077928424E-1,1.223088677E0
4.323561112E1,-5.171897693E-1,-9.748606575E-1,6.852153218E-1,1.298983678E0
4.324556112E1,-5.374440493E-1,-1.094019896E0,5.682294935E-1,1.344845863E0
4.325551112E1,-5.341722398E-1,-1.040323745E0,4.623253083E-1,1.257520643E0
4.326546212E1,-2.901374520E-1,-9.323245025E-1,4.675164664E-1,1.082580420E0
4.327541212E1,3.290520608E-4,-9.363965034E-1,4.310409504E-1,1.030841802E0
4.328536212E1,7.985732451E-2,-9.374104106E-1,4.508051240E-1,1.043235702E0
4.329531213E1,-8.604440957E-2,-7.459538591E-1,3.909717357E-1,8.465870885E-1
4.330525912E1,-5.172667699E-1,-7.811804098E-1,2.139297402E-1,9.610274073E-1
4.331520912E1,-1.134653221E0,-9.871526742E-1,2.323285890E-1,1.521803176E0
4.332515913E1,-1.834231497E0,-1.232854430E0,2.566535908E-1,2.224905907E0
4.333511012E1,-2.153373404E0,-1.483930362E0,9.183403015E-2,2.616772788E0
4.334506012E1,-2.279727057E0,-1.752684181E0,-2.513501662E-1,2.886560964E0
4.335501013E1,-2.216016672E0,-1.947925050E0,-3.441484022E-1,2.970451147E0
4.336496112E1,-2.316226839E0,-2.026197048E0,-3.822435969E-1,3.101046826E0
4.337491112E1,-2.377969635E0,-1.839117138E0,2.591369033E-2,3.006287237E0
4.338486112E1,-2.370512681E0,-1.416852273E0,3.715081090E-1,2.786542483E0
4.339481212E1,-2.041163582E0,-1.349088891E0,1.180517757E-1,2.449556251E0
4.340476212E1,-1.988034611E0,-1.253158886E0,-2.331466144E-1,2.361577048E0
4.341471212E1,-2.098396128E0,-1.232530494E0,-4.144447982E-1,2.468635701E0
4.342466312E1,-1.971736082E0,-1.604660747E0,-1.279566082E0,2.846044386E0
4.343461312E1,-2.116587401E0,-1.690179200E0,-2.211957242E0,3.497056304E0
4.344456312E1,-2.481901554E0,-1.319602552E0,-2.662955617E0,3.872017412E0
4.345451412E1,-2.748502429E0,-1.207619017E0,-2.521311203E0,3.920410626E0
4.346446412E1,-2.721325740E0,-1.004928210E0,-2.154051096E0,3.613229942E0
4.347441412E1,-2.280027019E0,-1.053423847E0,-1.906565355E0,3.153286613E0
4.348436413E1,-1.450985395E0,-1.065867307E0,-1.653793146E0,2.444680654E0
4.349431512E1,-4.766656047E-1,-1.173813339E0,-1.997329929E0,2.365243053E0
4.350426512E1,3.673782206E-1,-1.159163725E0,-2.228134734E0,2.538348221E0
4.351421513E1,8.888340819E-1,-1.056494512E0,-2.300862402E0,2.683314084E0
4.352416612E1,9.089180982E-1,-8.454193828E-1,-2.159211849E0,2.490594678E0
4.353411612E1,5.660221696E-1,-6.041863614E-1,-1.531978395E0,1.741373038E0
4.354406613E1,1.269693643E-1,-1.992351025E-1,-9.635465875E-1,9.920876332E-1
4.355401712E1,-6.981201267E-1,3.371285275E-1,-1.865904987E-1,7.973978741E-1
4.356396712E1,-2.346546113E-1,-1.940426581E0,-5.543745160E-2,1.955349435E0
4.357391713E1,-8.402448893E-3,-1.819579544E0,-3.726395452E-1,1.857363871E0
4.358386812E1,2.438078427E-1,-6.381490365E-1,-4.314543486E-1,8.079785343E-1
4.359381812E1,4.680070478E-1,1.046081498E-1,-1.100111525E0,1.200091175E0
4.360376813E1,5.435524893E-1,5.765418953E-1,-2.008870579E0,2.159493197E0
4.361371912E1,3.532378989E-1,9.950198105E-1,-2.063556079E0,2.317995929E0
4.362366912E1,3.816927892E-1,-2.165659574E-1,-2.406842017E0,2.446523798E0
4.363361913E1,3.153853637E-1,-2.155394787E-1,-2.299122271E0,2.330641202E0
4.364357012E1,-1.123215044E-1,2.564884070E-1,-2.001616523E0,2.021106412E0
4.365352012E1,-2.157078785E-1,9.197471416E-1,-1.792659255E0,2.026349402E0
4.366347013E1,3.947806120E-2,-4.390446192E-1,-1.403235278E0,1.470845994E0
4.367342013E1,1.850304615E-1,-6.713296464E-1,-1.249145358E0,1.430134221E0
4.368337112E1,-6.469300926E-2,3.453374335E-1,-7.239671588E-1,8.047183206E-1
4.369332112E1,-3.238664576E-1,8.919003618E-1,-5.336595851E-1,1.088654349E0
4.370327113E1,-1.842896193E-1,6.598082927E-1,-2.173468530E-1,7.187136435E-1
4.371322212E1,4.836085886E-2,1.442370692E-1,-1.731360555E-2,1.531106323E-1
4.372317212E1,1.310112521E-1,-3.189597666E-2,-2.598268747E-1,2.927307745E-1
4.373312213E1,-3.084844798E-2,-2.846331024E-1,-8.842638981E-1,9.294569766E-1
4.374307312E1,-1.466928998E-1,-3.748883843E-2,-1.317492292E0,1.326163700E0
4.375302312E1,-9.949563682E-2,6.838906351E-1,-5.811424845E-1,9.029575681E-1
4.376297313E1,-1.273722374E-1,6.354973242E-1,-1.569936472E-1,6.668789554E-1
4.377292412E1,-5.109884682E-1,6.485073790E-1,-2.244453728E-1,8.555973122E-1
4.378287412E1,-8.292193794E-1,7.324141927E-1,-5.451417625E-2,1.107703536E0
4.379282413E1,-9.184850201E-1,6.715987645E-1,2.876017338E-1,1.173615947E0
4.380277512E1,-8.238820410E-1,5.322919214E-1,3.390753579E-1,1.037828697E0
4.381272512E1,-8.498188278E-1,4.208534928E-1,4.511571264E-1,1.050167822E0
4.382267513E1,-7.357792653E-1,8.114857245E-1,7.652637041E-1,1.336229301E0
4.383262612E1,-2.862777780E-1,2.283959710E-1,5.836737442E-1,6.890534997E-1
4.384257612E1,6.243686110E-2,1.432078861E-1,7.910657126E-1,8.063447289E-1
4.385252613E1,3.272174969E-2,4.347162909E-1,7.640515763E-1,8.796725400E-1
4.386247712E1,2.758480994E-1,-3.437374526E-1,1.739809781E-1,4.738322393E-1
4.387242712E1,1.431285833E-1,-5.861294286E-1,3.168313801E-2,6.041831839E-1
4.388237713E1,4.669150802E-1,1.277008030E-2,7.744239521E-1,9.043811280E-1
4.389232812E1,1.209696971E0,-2.718052066E-1,1.351986187E0,1.834424019E0
4.390227812E1,1.754954362E0,-2.420472096E-1,2.580199682E0,3.129837386E0
4.391222813E1,1.404811979E0,6.174453615E-1,4.734670608E0,4.977131828E0
4.392217813E1,2.853297251E-1,2.809488449E-1,5.374195202E0,5.389092630E0
4.393212912E1,-8.657285169E-1,-8.218214822E-1,4.171555089E0,4.338980096E0
4.394207913E1,-1.671156891E0,-8.569287497E-1,3.231511678E0,3.737614207E0
4.395202913E1,-1.851547441E0,-9.011578198E-1,3.384324566E0,3.961561070E0
4.396198012E1,-1.651395203E0,-1.323400319E0,3.250916247E0,3.879039954E0
4.397193013E1,-1.257762545E0,-1.199185724E0,3.257266908E0,3.691856001E0
4.398188013E1,-9.815022174E-1,-5.869150020E-1,3.207091366E0,3.404886320E0
4.399183112E1,-7.270768543E-1,-6.832872755E-1,2.830527170E0,3.001234131E0
4.400178112E1,-1.004197893E0,-9.243566479E-1,2.553657416E0,2.895516330E0
4.401173113E1,-1.694982395E0,-6.817909730E-1,2.332494670E0,2.962825616E0
4.402168212E1,-1.792961995E0,-6.541546199E-1,1.901957749E0,2.694452497E0
4.403163212E1,-1.308639754E0,-7.259549928E-1,1.424798639E0,2.066300999E0
4.404158213E1,-5.389888836E-1,-6.058822002E-1,1.205423387E0,1.452806869E0
4.405153312E1,4.648682624E-2,-8.907717030E-1,1.377987000E0,1.641488174E0
4.406148312E1,1.165850309E0,-1.478168223E0,4.792475013E0,5.148980966E0
4.407143313E1,1.846731236E0,3.234891661E-1,6.831616042E0,7.084210559E0
4.408138412E1,8.344494215E-1,4.401304471E-1,5.496519538E0,5.576894089E0
4.409133412E1,9.114303544E-1,-1.237437185E0,3.423158848E0,3.752328954E0
4.410128413E1,-8.151696897E-1,5.666406588E-1,4.369126659E0,4.480496738E0
4.411123512E1,-8.402597997E-1,-1.659607910E-1,1.349581227E0,1.598420784E0
4.412118512E1,-6.116792759E-1,-1.191148141E0,-1.439038364E0,1.965659391E0
4.413113513E1,-1.266306351E0,-6.830009812E-1,-2.323551938E0,2.732931708E0
4.414108512E1,-1.271354252E0,-8.468330933E-1,-2.705141231E0,3.106647229E0
4.415103612E1,-1.061257069E0,-8.516058831E-1,-2.578559538E0,2.915556282E0
4.416098613E1,-1.043947265E0,-4.256024551E-1,-2.182358637E0,2.456349438E0
4.417093613E1,-9.748077402E-1,-1.859231852E-1,-1.740976301E0,2.003950109E0
4.418088712E1,9.368271509E-1,-2.072011006E0,-1.969290776E0,3.008152403E0
4.419083713E1,-1.612299550E0,1.448194080E0,1.585695888E0,2.685369133E0
4.420078713E1,-1.133201796E0,1.185165124E0,8.630548775E-2,1.642014408E0
4.421073812E1,8.037386754E-1,-1.059401163E0,2.039760250E-1,1.345337468E0
4.422068813E1,-3.504324049E-2,-1.592174895E-2,2.336646777E-1,2.368136660E-1
4.423063813E1,1.745838261E-1,-4.910970446E-1,1.602047042E0,1.684698947E0
4.424058912E1,5.902062535E-2,-9.409340159E-1,9.199781066E-1,1.317269894E0
4.425053913E1,2.585796636E-1,-8.463631964E-1,2.194348937E-1,9.117816489E-1
4.426048913E1,-3.186791003E-2,-4.627056697E-1,-7.837642944E-1,9.107132203E-1
4.427044012E1,-1.519640185E-1,-1.430881644E-1,-2.524027235E0,2.532643040E0
4.428039013E1,-1.306446317E-1,1.150863603E-2,-3.755945526E0,3.758234594E0
4.429034013E1,3.393550010E-1,7.135357261E-3,-1.843726498E0,1.874710679E0
4.430029112E1,5.262372757E-1,-3.745777510E-2,9.960275781E-1,1.127120088E0
4.431024188E1,4.648244083E-1,-2.181020209E-1,2.891693723E-1,5.892784978E-1
4.432019187E1,1.065927533E0,-4.499651715E-2,1.510003681E0,1.848874606E0
4.433014187E1,2.920665215E-1,1.216094848E0,4.585884113E0,4.753369608E0
4.434009288E1,2.543727382E-1,3.832372581E-1,6.137746257E-1,7.670042875E-1
4.435004287E1,4.137380160E-1,2.126974760E-1,-1.314364616E0,1.394264576E0
4.435999287E1,1.071384155E0,1.280723538E0,-9.093519616E-1,1.901325269E0
4.436994388E1,1.600149328E0,1.194158873E0,-1.220551888E0,2.340136790E0
4.437989387E1,1.044969065E0,1.191390508E0,1.813660700E0,2.408471886E0
4.438984387E1,8.618548827E-1,1.309585833E0,3.585098655E0,3.912894231E0
4.439979488E1,4.978619076E-1,3.867985048E-1,2.176281041E0,2.265762285E0
4.440974488E1,2.058364628E-1,-4.709049644E-2,1.479351407E-1,2.578196465E-1
4.441969487E1,1.857265726E-2,-1.885477262E-1,-9.358293235E-1,9.548150143E-1
4.442964588E1,5.311676480E-2,-1.693332640E-1,-5.897490013E-1,6.158725757E-1
4.443959588E1,-7.801561969E-1,-3.476277148E-1,1.272241859E0,1.532347241E0
4.444954587E1,-6.726280206E-1,-1.390370124E-1,-5.582646686E-1,8.851097023E-1
4.445949688E1,-2.671980210E-1,2.220826409E-1,-1.210388843E0,1.259268293E0
4.446944688E1,-1.919091991E-1,2.909253825E-1,-7.872223377E-2,3.573008662E-1
4.447939687E1,-1.058621583E-1,1.945415973E-1,5.951775563E-1,6.350508272E-1
4.448934788E1,-1.107591283E-1,-5.694709305E-2,1.000500698E0,1.008222298E0
4.449929788E1,-3.102796481E-1,-3.011346942E-1,4.881062669E-1,6.520761396E-1
4.450924787E1,-3.014763726E-1,-4.365643400E-1,-2.444615614E-1,5.841556994E-1
4.451919787E1,-3.295878851E-1,-4.136071115E-1,6.152381837E-2,5.324323402E-1
4.452914888E1,-2.310449059E-1,-3.387797812E-1,4.225899696E-2,4.122369603E-1
4.453909887E1,-7.330983169E-2,-1.437897206E-1,-4.916221976E-2,1.687208909E-1
4.454904887E1,1.097284104E-1,1.100639675E-2,-2.951463962E-1,3.150759591E-1
4.455899988E1,2.157180380E-1,1.143590215E-1,-7.371766037E-1,7.765575334E-1
4.456894987E1,2.914620656E-1,1.888198045E-1,-8.203456450E-1,8.908254775E-1
4.457889987E1,2.078144297E-1,3.983063003E-2,-9.450878048E-1,9.684855575E-1
4.458885088E1,7.050499544E-2,-3.203149319E-1,-2.359179023E0,2.381868651E0
4.459880087E1,1.337467258E-1,-3.836002240E-1,-3.678828353E0,3.701191074E0
4.460875087E1,-2.190404259E-1,-1.420368898E-1,-6.159523042E0,6.165052902E0
4.461870188E1,-1.637713011E-1,9.243223686E-3,-1.022720351E1,1.022851887E1
4.462865187E1,1.740076999E0,2.038003162E-1,2.615856003E0,3.148349593E0
4.463860187E1,-7.635253268E-1,3.255121930E-1,8.022138385E0,8.064963322E0
4.464855288E1,-8.162034043E-1,3.685617701E-1,-5.193812107E0,5.270456335E0
4.465850287E1,-1.073860304E0,1.819468958E-1,1.817770708E-1,1.104229835E0
4.466845287E1,-8.307607055E-1,4.734566893E-1,4.574817672E0,4.673679634E0
4.467840388E1,1.362539826E0,-1.262779036E-1,-4.271495699E0,4.485324559E0
4.468835387E1,1.258577355E0,-3.464442018E-1,-2.923438842E0,3.201645703E0
4.469830387E1,1.020730164E0,-3.056014918E-1,-1.790477659E0,2.083528878E0
4.470825387E1,-4.476739401E-1,5.836572258E-1,4.185856794E0,4.249995861E0
4.471820488E1,-8.322407819E-1,2.680808592E-1,6.250123894E-1,1.074770931E0
4.472815487E1,4.712276942E-1,-4.658821148E-2,-1.103991153E0,1.201258701E0
4.473810487E1,5.208884256E-2,1.503411786E-1,3.947449440E-1,4.256046150E-1
4.474805588E1,1.009471716E-1,6.026538336E-2,2.360433251E-1,2.637019135E-1
4.475800587E1,2.807015625E-1,1.298260032E-2,-7.739368790E-1,8.233712455E-1
4.476795587E1,9.130975418E-4,1.125162532E-1,5.821739334E-1,5.929479148E-1
4.477790688E1,2.114111617E-1,5.205842790E-2,-1.114683956E-1,2.446016403E-1
4.478785687E1,1.853027956E-1,5.909820603E-2,-3.184440422E-1,3.731438490E-1
4.479780687E1,1.008755432E-1,9.199371396E-2,3.584109306E-1,3.835324156E-1
4.480775788E1,1.815975430E-1,6.543875766E-2,-2.008343160E-1,2.785575723E-1
4.481770787E1,1.926274199E-1,6.052110312E-2,-6.547945976E-2,2.122632481E-1
4.482765787E1,1.433914704E-1,7.337067928E-2,1.564995575E-1,2.245806801E-1
4.483760888E1,1.511084064E-1,7.233219094E-2,-1.535280025E-1,2.272367573E-1
4.484755887E1,1.778244809E-1,5.660162310E-2,6.757802546E-2,1.984743794E-1
4.485750887E1,1.456281035E-1,7.500185145E-2,-5.051760435E-2,1.714200998E-1
4.486745988E1,1.291430302E-1,8.013461044E-2,-1.715105295E-2,1.529497847E-1
4.487740987E1,1.513284627E-1,6.946232725E-2,7.730603814E-2,1.835797975E-1
4.488735987E1,1.467057454E-1,7.612412400E-2,-1.440748090E-1,2.192601390E-1
4.489730987E1,1.227423755E-1,6.965318859E-2,8.762812793E-2,1.661202764E-1
4.490726087E1,1.379209068E-1,7.385939687E-2,-1.581847250E-2,1.572501546E-1
4.491721087E1,1.452274779E-1,7.292246279E-2,-1.158158004E-1,1.995545177E-1
4.492716087E1,1.389204518E-1,6.791831514E-2,1.031635952E-1,1.858884527E-1
4.493711187E1,1.555831526E-1,6.171344175E-2,-6.495204091E-2,1.795367202E-1
4.494706187E1,1.659740751E-1,5.829323629E-2,-8.971382976E-3,1.761419334E-1
4.495701187E1,1.558936946E-1,6.888124649E-2,3.877113283E-2,1.747875020E-1
4.496696287E1,1.602799103E-1,7.625873330E-2,-7.994664073E-2,1.946702582E-1
4.497691287E1,1.651953356E-1,6.470611981E-2,4.039607406E-2,1.819566532E-1
4.498686287E1,1.579282881E-1,7.044563249E-2,-3.565456688E-2,1.765649440E-1
4.499681387E1,1.554545139E-1,6.646825134E-2,-1.949987948E-2,1.701892465E-1
4.500676387E1,1.567405724E-1,6.839753101E-2,4.171812952E-2,1.760290647E-1
4.501671387E1,1.453983628E-1,7.570524408E-2,-7.474612713E-2,1.801636795E-1
4.502666487E1,1.359899918E-1,7.100543487E-2,5.053456128E-2,1.615202511E-1
4.503661487E1,1.366503982E-1,7.670514537E-2,-1.054662287E-2,1.570612680E-1
4.504656487E1,1.342989222E-1,7.521407797E-2,-4.348691225E-2,1.599514600E-1
4.505651588E1,1.315676695E-1,7.617978218E-2,3.494003713E-2,1.559942854E-1
4.506646587E1,1.292093412E-1,6.966267204E-2,-4.739694536E-2,1.542543749E-1
4.507641587E1,1.309134940E-1,6.817732852E-2,8.728138804E-3,1.478603105E-1
4.508636588E1,1.369974670E-1,6.414607532E-2,-3.257483840E-3,1.513064313E-1
4.509631687E1,1.447837473E-1,4.410984628E-2,-4.847341776E-2,1.589266631E-1
4.510626687E1,1.534043887E-1,6.202270007E-2,3.235030532E-2,1.686009017E-1
4.511621688E1,1.581328310E-1,6.014996481E-2,-3.846006095E-2,1.735026997E-1
4.512616787E1,1.545447054E-1,6.615833064E-2,-8.231710196E-3,1.683114724E-1
4.513611787E1,1.488411302E-1,6.691594706E-2,1.795972288E-2,1.641766660E-1
4.514606788E1,1.475140498E-1,7.134520378E-2,-3.488565803E-2,1.675337045E-1
4.515601887E1,1.472451145E-1,5.930315094E-2,1.180845201E-2,1.591773444E-1
4.516596887E1,1.429293577E-1,6.975683506E-2,-2.022785783E-2,1.603246193E-1
4.517591888E1,1.416703608E-1,7.449643275E-2,-1.873798728E-2,1.611562031E-1
4.518586987E1,1.322332836E-1,6.844971284E-2,4.157955050E-3,1.489573532E-1
4.519581987E1,1.301683760E-1,7.766730471E-2,-3.761046052E-2,1.561747837E-1
4.520576987E1,1.265778018E-1,6.992417963E-2,6.238979101E-3,1.447420315E-1
4.521572087E1,1.248405575E-1,7.269632173E-2,-1.712006271E-2,1.454751406E-1
4.522567087E1,1.412504942E-1,7.407719195E-2,-2.730883598E-2,1.618175052E-1
4.523562087E1,1.310147239E-1,6.774643441E-2,4.118193984E-3,1.475513361E-1
4.524557187E1,1.403618270E-1,6.769817204E-2,-2.342979312E-2,1.575862944E-1
4.525552187E1,1.488399425E-1,6.232945506E-2,-2.630662322E-3,1.613852839E-1
4.526547187E1,1.507623791E-1,6.231792965E-2,-4.133981466E-3,1.631867308E-1
4.527542188E1,1.564932352E-1,6.392561245E-2,-2.584761679E-2,1.710108648E-1
4.528537287E1,1.475505401E-1,5.222682771E-2,1.836025715E-3,1.565317042E-1
4.529532287E1,1.478178675E-1,6.627206812E-2,-2.032492161E-2,1.632642380E-1
4.530527288E1,1.399906385E-1,5.539851280E-2,-8.207151890E-3,1.507770918E-1
4.531522287E1,1.335121245E-1,5.926320258E-2,1.169384658E-2,1.465413273E-1
4.532517287E1,1.352002522E-1,6.292297485E-2,-2.378822744E-2,1.510108894E-1
4.533512287E1,1.238284045E-1,6.592221276E-2,-1.490455270E-3,1.402905319E-1
4.534507388E1,1.219671627E-1,6.914443972E-2,-6.588057876E-3,1.403579168E-1
4.535502387E1,1.235554857E-1,7.452413393E-2,-1.153480232E-2,1.447510147E-1
4.536497387E1,1.177858005E-1,7.378423274E-2,-7.947535515E-3,1.392148380E-1
4.537492488E1,1.233224742E-1,6.371802259E-2,-2.801225603E-2,1.416089881E-1
4.538487487E1,1.313893660E-1,6.962841101E-2,-9.157909155E-3,1.489803625E-1
4.539482487E1,1.267305786E-1,7.254823642E-2,-1.964196682E-2,1.473420952E-1
4.540477588E1,1.338676170E-1,6.215005974E-2,-1.800240755E-2,1.486850883E-1
4.541472587E1,1.361934932E-1,6.152406962E-2,-1.037529945E-2,1.498049584E-1
4.542467587E1,1.383039177E-1,6.228425791E-2,-1.172776043E-2,1.521342920E-1
4.543462688E1,1.448761881E-1,5.457483198E-2,-2.087455988E-4,1.548146174E-1
4.544457687E1,1.480917182E-1,5.576129599E-2,-1.443385184E-2,1.588987577E-1
4.545452687E1,1.383000074E-1,6.653418783E-2,-2.147623837E-2,1.549674773E-1
4.546447788E1,1.360306847E-1,5.748643017E-2,5.011648536E-3,1.477638436E-1
4.547442787E1,1.354474067E-1,4.794497108E-2,-1.984486520E-2,1.450466784E-1
4.548437787E1,1.229858573E-1,5.621639666E-2,-2.790291309E-3,1.352537987E-1
4.549432888E1,1.345104818E-1,6.436647881E-2,2.589147091E-3,1.491402594E-1
4.550427887E1,1.198035101E-1,4.443810349E-2,-1.733173192E-2,1.289496608E-1
4.551422887E1,1.173135464E-1,5.599543586E-2,-6.115018129E-3,1.301358923E-1
4.552417887E1,1.205537079E-1,6.037308177E-2,-1.390584826E-2,1.355414258E-1
4.553412987E1,1.267518844E-1,6.281220666E-2,-1.076764762E-2,1.418709122E-1
4.554407987E1,1.205993527E-1,6.142828035E-2,-7.929409146E-3,1.355747507E-1
4.555402987E1,1.219683686E-1,6.555535023E-2,-2.470273197E-2,1.406556499E-1
4.556398087E1,1.343525887E-1,6.829871306E-2,-2.336255014E-2,1.525160353E-1
4.557393087E1,1.345884325E-1,6.118412255E-2,-8.403033614E-3,1.480815788E-1
4.558388087E1,1.315854304E-1,6.254540917E-2,-6.911993623E-3,1.458575653E-1
4.559383187E1,1.338795855E-1,6.356746136E-2,-4.821614027E-3,1.482828834E-1
4.560378187E1,1.334079710E-1,5.750178368E-2,-1.410816193E-2,1.459560964E-1
4.561373187E1,1.260420872E-1,5.317097032E-2,-1.186926305E-2,1.373121963E-1
4.562368287E1,1.215245284E-1,4.592956832E-2,-3.193164468E-3,1.299535785E-1
4.563363287E1,1.220951253E-1,5.664809933E-2,-1.173185349E-2,1.351068583E-1
4.564358287E1,1.152109242E-1,5.544211110E-2,-1.293579519E-2,1.285096088E-1
4.565353388E1,1.151120698E-1,6.234220929E-2,-1.848480284E-2,1.322082736E-1
4.566348387E1,1.108431821E-1,6.452076307E-2,-1.774103701E-2,1.294754196E-1
4.567343387E1,1.135625393E-1,5.479157181E-2,-9.961901307E-3,1.264824342E-1
4.568338488E1,1.160948405E-1,6.256269957E-2,-1.116525829E-2,1.323509213E-1
4.569333487E1,1.184282816E-1,5.154327907E-2,-1.311764359E-2,1.298231107E-1
4.570328487E1,1.232370683E-1,6.067805517E-2,-1.521854818E-2,1.382056641E-1
4.571323588E1,1.220693062E-1,6.264752531E-2,-1.552552700E-2,1.380821130E-1
4.572318587E1,1.236815846E-1,5.884202946E-2,-1.537934661E-2,1.378261336E-1
4.573313587E1,1.276654388E-1,4.915167650E-2,-1.044371188E-2,1.371984791E-1
4.574308688E1,1.297377834E-1,5.050869192E-2,-8.501851559E-3,1.394822636E-1
4.575303687E1,1.314542335E-1,4.969569596E-2,2.338886261E-5,1.405342601E-1
4.576298687E1,1.321422863E-1,5.364522975E-2,-9.116978645E-3,1.429073609E-1
4.577293688E1,1.283710332E-1,5.395816086E-2,-9.419279695E-3,1.395683636E-1
4.578288787E1,1.126669834E-1,5.101790674E-2,-8.074420094E-3,1.239430201E-1
4.579283787E1,1.162676440E-1,5.024318721E-2,-6.134313941E-3,1.268076209E-1
4.580278787E1,1.174299791E-1,4.939006018E-2,-9.882963896E-3,1.277765668E-1
4.581273887E1,1.060023453E-1,5.869653886E-2,-2.410982430E-2,1.235437757E-1
4.582268887E1,1.126927843E-1,5.300998002E-2,-3.007223010E-3,1.245743352E-1
4.583263887E1,1.117647581E-1,6.294558713E-2,-1.438707411E-2,1.290755437E-1
4.584258987E1,1.253077500E-1,5.693156138E-2,-3.613579273E-3,1.376818538E-1
4.585253987E1,1.185703141E-1,5.328110354E-2,-2.721294165E-3,1.300200016E-1
4.586248987E1,1.249005098E-1,5.820443171E-2,-1.605060697E-2,1.387282062E-1
4.587244087E1,1.242524555E-1,7.511508644E-2,-9.468396306E-3,1.455012008E-1
4.588239087E1,1.218120104E-1,6.346835562E-2,-2.264685094E-2,1.392094749E-1
4.589234087E1,1.259262576E-1,5.807304294E-2,-2.340231121E-2,1.406327445E-1
4.590229187E1,1.189350159E-1,4.768776211E-2,-3.351039290E-3,1.281830337E-1
4.591224187E1,1.189788700E-1,5.009241584E-2,-1.847427785E-2,1.304090510E-1
4.592219187E1,1.237817912E-1,5.916975219E-2,-8.899462223E-3,1.374852423E-1
4.593214287E1,1.240310653E-1,4.584433144E-2,-1.324452817E-2,1.328940383E-1
4.594209287E1,1.113587055E-1,5.083842463E-2,-1.175231874E-2,1.229773300E-1
4.595204287E1,1.027862671E-1,4.468673349E-2,-8.764391541E-3,1.124221304E-1
4.596199387E1,1.069863769E-1,5.062610675E-2,-1.011685252E-2,1.187915747E-1
4.597194387E1,1.150886626E-1,5.443765081E-2,-2.194752395E-2,1.291919189E-1
4.598189387E1,1.110706570E-1,5.067833883E-2,-1.476714313E-2,1.229758244E-1
4.599184388E1,1.092274867E-1,4.900256793E-2,-3.694270849E-3,1.197728816E-1
4.600179487E1,1.133849850E-1,5.335717216E-2,-1.552786589E-2,1.262705716E-1
4.601174487E1,1.091830844E-1,4.934769527E-2,-2.062020600E-2,1.215785090E-1
4.602169488E1,1.112202909E-1,5.565791904E-2,-1.927710056E-2,1.258545338E-1
4.603164587E1,1.217291993E-1,6.319061288E-2,-1.000107765E-2,1.375175373E-1
4.604159587E1,1.192170527E-1,6.418025413E-2,-1.090388775E-2,1.358333738E-1
4.605154588E1,1.178442544E-1,5.849590627E-2,-1.925488114E-3,1.315779117E-1
4.606149687E1,1.105777916E-1,5.620710507E-2,-1.450343370E-2,1.248880948E-1
4.607144687E1,1.082059051E-1,5.553785012E-2,-4.776005745E-3,1.217200925E-1
4.608139688E1,1.105078442E-1,5.897584847E-2,3.752158284E-3,1.253164516E-1
4.609134787E1,1.067989371E-1,4.672479878E-2,-5.979947448E-3,1.167260877E-1
4.610129787E1,1.048781450E-1,6.004438145E-2,-1.122373044E-2,1.213701989E-1
4.611124788E1,1.075733825E-1,5.112142987E-2,1.945953369E-3,1.191185122E-1
4.612119887E1,1.094812376E-1,4.264365239E-2,-4.194207788E-3,1.175679117E-1
4.613114887E1,1.067018002E-1,4.406375378E-2,-1.153538704E-2,1.160170406E-1
4.614109887E1,1.090215368E-1,5.193569119E-2,-1.468586683E-2,1.216498508E-1
4.615104987E1,1.148363370E-1,5.208604229E-2,-1.678677142E-2,1.272090240E-1
4.616099987E1,1.073161233E-1,5.891160219E-2,-5.115144253E-3,1.225295552E-1
4.617094987E1,1.126970418E-1,4.789107163E-2,-3.770284653E-3,1.225087467E-1
4.618090087E1,1.042620678E-1,4.984589632E-2,-1.470165431E-2,1.164960548E-1
4.619085087E1,1.161398275E-1,5.323163518E-2,-1.814858794E-2,1.290404501E-1
4.620080087E1,1.151757679E-1,5.413723184E-2,-1.201251984E-2,1.278303485E-1
4.621075187E1,1.130991292E-1,5.411718685E-2,-2.886185646E-3,1.254129699E-1
4.622070187E1,1.054972555E-1,5.223450675E-2,-9.927987456E-3,1.181383915E-1
4.623065187E1,1.084395927E-1,5.264716943E-2,-1.666748822E-2,1.216908989E-1
4.624060287E1,1.075717197E-1,5.615489583E-2,-8.738079071E-3,1.216610095E-1
4.625055287E1,9.744001161E-2,5.519039304E-2,-1.128454149E-2,1.125516602E-1
4.626050287E1,1.000577735E-1,5.998120868E-2,-1.188680470E-2,1.172629505E-1
4.627045288E1,1.035898938E-1,6.242525803E-2,-6.950585246E-3,1.211449114E-1
4.628040387E1,1.031052510E-1,5.665060267E-2,-2.177269220E-2,1.196412708E-1
4.629035387E1,1.041606916E-1,4.879306403E-2,-1.518872738E-2,1.160211628E-1
4.630030388E1,1.035747824E-1,4.882048655E-2,-1.040161192E-2,1.149755147E-1
4.631025500E1,1.033793026E-1,5.107277007E-2,-7.860412002E-3,1.155746258E-1
4.632020500E1,1.085291282E-1,4.644371216E-2,-1.055890203E-2,1.185203800E-1
4.633015500E1,1.050548040E-1,4.587461363E-2,-1.161198556E-2,1.152207891E-1
4.634010600E1,1.064023679E-1,5.069051291E-2,-8.324096203E-3,1.181536397E-1
4.635005600E1,1.136992545E-1,5.834915029E-2,-6.828378439E-3,1.279795709E-1
4.636000600E1,1.031786152E-1,5.348195083E-2,-1.192071855E-2,1.168257216E-1
4.636995700E1,1.045138269E-1,5.892934483E-2,-5.936093330E-3,1.201292841E-1
4.637990700E1,1.092963377E-1,6.063927626E-2,-1.581847250E-2,1.259882349E-1
4.638985700E1,9.987992680E-2,5.971267073E-2,-1.866957486E-2,1.178565053E-1
4.639980800E1,9.924596071E-2,4.777194374E-2,-9.988213778E-3,1.105969427E-1
4.640975800E1,1.025328999E-1,5.316530582E-2,-8.194288015E-3,1.157872690E-1
4.641970800E1,1.017715559E-1,4.652963882E-2,-1.313693941E-2,1.126722506E-1
4.642965900E1,9.352922933E-2,4.623759781E-2,-9.998738766E-3,1.048122463E-1
4.643960900E1,1.038038288E-1,4.166753283E-2,-1.583952248E-2,1.129703883E-1
4.644955900E1,1.023548613E-1,4.280604053E-2,-5.215716362E-3,1.110679001E-1
4.645951000E1,1.141442094E-1,4.710049152E-2,-1.030864120E-2,1.239097451E-1
4.646946000E1,1.068351624E-1,4.995104570E-2,-1.989105821E-2,1.196014761E-1
4.647941000E1,1.089083384E-1,4.257563740E-2,-1.106000841E-2,1.174565233E-1
4.648936100E1,1.046337497E-1,4.000022669E-2,-1.076413929E-2,1.125349119E-1
4.649931100E1,1.000725103E-1,5.050006270E-2,-7.773873210E-3,1.123619008E-1
4.650926100E1,1.017090089E-1,4.631271626E-2,-1.241948605E-2,1.124448034E-1
4.651921200E1,1.082361735E-1,5.438235351E-2,-7.779720426E-3,1.213797087E-1
4.652916200E1,1.085751385E-1,4.727168703E-2,-1.212478638E-2,1.190385800E-1
4.653911200E1,1.076997646E-1,5.659853047E-2,-2.215860844E-2,1.236674447E-1
4.654906300E1,9.498877659E-2,6.843615004E-2,-1.167981327E-2,1.176553966E-1
4.655901300E1,9.438766454E-2,5.676077243E-2,-2.231005132E-2,1.123768432E-1
4.656896300E1,8.554315701E-2,6.059053880E-2,-1.378305674E-2,1.057299284E-1
4.657891300E1,1.003640032E-1,4.808800402E-2,-1.214057386E-2,1.119499120E-1
4.658886400E1,1.077107373E-1,4.653427548E-2,-1.394151628E-2,1.181584004E-1
4.659881400E1,9.994062820E-2,5.439995911E-2,-9.006466269E-3,1.141428979E-1
4.660876400E1,1.050606786E-1,4.361380597E-2,-1.484841943E-2,1.147187248E-1
4.661871500E1,1.010850654E-1,4.419858235E-2,-1.111029446E-2,1.108834693E-1
4.662866500E1,1.016600933E-1,3.948818419E-2,2.805494070E-3,1.090961139E-1
4.663861500E1,1.086821425E-1,4.320733312E-2,-1.785681188E-2,1.183112314E-1
4.664856600E1,1.045610980E-1,4.111004650E-2,-6.484562159E-3,1.125393651E-1
4.665851600E1,1.031972715E-1,3.560744883E-2,-1.696861982E-3,1.091807978E-1
4.666846600E1,1.000148696E-1,4.042764902E-2,-1.337550581E-2,1.087026821E-1
4.667841700E1,1.025416433E-1,5.649031587E-2,-1.262998581E-2,1.177516919E-1
4.668836700E1,9.855924178E-2,4.926944308E-2,-1.098691821E-2,1.107344325E-1
4.669831700E1,9.621245264E-2,4.809658298E-2,-1.368540823E-2,1.084315809E-1
4.670826800E1,9.850119903E-2,4.865125991E-2,-8.447472453E-3,1.101852580E-1
4.671821800E1,9.252002732E-2,4.687351449E-2,-1.069514215E-2,1.042663315E-1
4.672816800E1,1.010818311E-1,4.919414647E-2,-2.147740781E-2,1.144503372E-1
4.673811900E1,8.921295178E-2,4.606732049E-2,-1.624414980E-2,1.017104773E-1
4.674806900E1,9.457169652E-2,4.631263403E-2,-1.475018620E-2,1.063307756E-1
4.675801900E1,9.054886697E-2,4.365205041E-2,-1.924318671E-2,1.023469543E-1
4.676797000E1,1.025670513E-1,5.549666380E-2,-5.472993851E-3,1.167468773E-1
4.677792000E1,1.009426308E-1,4.931665478E-2,-5.356049538E-4,1.123469360E-1
4.678787000E1,9.936575554E-2,4.843576717E-2,-6.529000998E-3,1.107348399E-1
4.679782100E1,1.021144220E-1,4.413328083E-2,-7.279198766E-3,1.114813365E-1
4.680777100E1,1.025685222E-1,3.993877611E-2,-2.192121148E-3,1.100918389E-1
4.681772100E1,1.006437193E-1,4.646997895E-2,-1.117519855E-2,1.114158977E-1
4.682767200E1,8.804634090E-2,4.411511335E-2,-1.432158530E-2,9.951587399E-2
4.683762200E1,9.974903139E-2,5.105019890E-2,-5.641393661E-3,1.121954428E-1
4.684757200E1,9.458812354E-2,5.129488204E-2,-1.088342249E-2,1.081504828E-1
4.685752300E1,1.008320088E-1,4.848827334E-2,-5.350787044E-3,1.120126670E-1
4.686747300E1,9.319318802E-2,5.131436971E-2,-1.942386568E-2,1.081453716E-1
4.687742300E1,8.861617947E-2,4.839740396E-2,-2.212177098E-2,1.033658973E-1
4.688737400E1,9.134339394E-2,4.414847902E-2,-1.344391823E-2,1.023398395E-1
4.689732400E1,9.394099209E-2,5.190642770E-2,-7.460462451E-3,1.075864570E-1
4.690727400E1,9.541408843E-2,4.436176535E-2,-1.898883283E-2,1.069223563E-1
4.691722500E1,8.781195891E-2,4.247637634E-2,-1.510101914E-2,9.870776795E-2
4.692717500E1,8.711964858E-2,3.676973598E-2,-7.770364881E-3,9.488005703E-2
4.693712500E1,9.509056382E-2,4.295835136E-2,-5.526203513E-3,1.044900675E-1
4.694707500E1,8.701956983E-2,4.397880470E-2,-1.331469476E-2,9.840641185E-2
4.695702600E1,8.482869121E-2,3.822061976E-2,-1.780886471E-2,9.473055626E-2
4.696697600E1,9.425906234E-2,4.373016556E-2,-9.428635240E-3,1.043359831E-1
4.697692700E1,9.294915813E-2,4.665522605E-2,-8.684284687E-3,1.043631780E-1
4.698687700E1,9.434023814E-2,3.850919584E-2,-1.976300418E-2,1.037960261E-1
4.699682700E1,9.545964190E-2,4.238008001E-2,-1.437537968E-2,1.054289616E-1
4.700677700E1,9.138701965E-2,4.582009748E-2,-1.063550055E-2,1.027822094E-1
4.701672800E1,9.171897705E-2,3.666432849E-2,-6.445970535E-3,9.898582864E-2
4.702667800E1,8.944690436E-2,4.487873230E-2,-7.945196629E-3,1.003891202E-1
4.703662800E1,8.795585523E-2,5.135931104E-2,-1.244053602E-2,1.026098350E-1
4.704657900E1,9.604130281E-2,4.878091735E-2,-1.408945084E-2,1.086371132E-1
4.705652900E1,8.539438192E-2,4.571307516E-2,-1.229610980E-2,9.763749290E-2
4.706647900E1,8.580653753E-2,5.598409317E-2,-9.753740430E-3,1.029180063E-1
4.707643000E1,8.737979486E-2,5.320431315E-2,-1.724402368E-2,1.037462474E-1
4.708638000E1,8.971732895E-2,4.148234968E-2,-2.024072170E-2,1.008943569E-1
4.709633000E1,9.208940729E-2,4.449647058E-2,-1.680255890E-2,1.036470975E-1
4.710628100E1,9.840482960E-2,4.196422877E-2,-1.725571811E-2,1.083617405E-1
4.711623100E1,1.051763987E-1,4.502076026E-2,-1.366728187E-2,1.152203901E-1
4.712618100E1,8.985103833E-2,3.829780529E-2,-7.381525040E-3,9.795109948E-2
4.713613200E1,8.694030351E-2,4.613343971E-2,-1.157631755E-2,9.910056388E-2
4.714608200E1,9.101213090E-2,4.322034317E-2,-6.189277768E-3,1.009431186E-1
4.715603200E1,9.505708851E-2,4.620994231E-2,-1.352636397E-2,1.065559542E-1
4.716598300E1,9.591060841E-2,4.760956017E-2,-6.044851542E-3,1.072476352E-1
4.717593300E1,8.319239359E-2,3.693679732E-2,-1.622836232E-2,9.245896978E-2
4.718588300E1,8.733329122E-2,4.419705659E-2,-1.443502128E-2,9.893863455E-2
4.719583400E1,8.372847363E-2,4.273776515E-2,-1.039576471E-2,9.457825221E-2
4.720578400E1,7.844577011E-2,4.422933962E-2,-2.042783260E-2,9.234321673E-2
4.721573400E1,8.729088063E-2,4.441639570E-2,-1.653826475E-2,9.932788254E-2
4.722568500E1,9.489530336E-2,3.703987506E-2,-1.220138490E-2,1.025960269E-1
4.723563500E1,8.566770270E-2,4.646234103E-2,-7.115476727E-3,9.771557926E-2
4.724558500E1,8.174140703E-2,5.244791642E-2,-1.235692084E-2,9.790370296E-2
4.725553600E1,8.698609452E-2,4.621697724E-2,1.260074973E-3,9.850978334E-2
4.726548600E1,9.643021574E-2,4.655156588E-2,-7.723587155E-3,1.073568283E-1
4.727543600E1,9.277086373E-2,4.241569321E-2,-1.685576856E-2,1.033907207E-1
4.728538700E1,9.207496285E-2,4.399492566E-2,-3.235264421E-3,1.020971067E-1
4.729533700E1,8.640977832E-2,4.154924548E-2,-1.161958694E-2,9.658159447E-2
4.730528700E1,8.578382475E-2,2.961841993E-2,-1.626227617E-2,9.219857382E-2
4.731523813E1,8.978364003E-2,3.955954763E-2,-7.134772539E-3,9.837156502E-2
4.732518812E1,8.776997773E-2,3.797869578E-2,-1.372166097E-2,9.661384116E-2
4.733513812E1,8.551773990E-2,3.673251708E-2,-9.530961514E-3,9.355961135E-2
4.734508913E1,8.564572083E-2,4.048527607E-2,-4.890611172E-3,9.485865882E-2
4.735503912E1,7.837172974E-2,4.439326722E-2,-5.043808222E-3,9.021269422E-2
4.736498912E1,8.762393438E-2,4.166052531E-2,-8.638676405E-3,9.740728913E-2
4.737494013E1,8.696433191E-2,4.152489731E-2,-1.163537443E-2,9.706953209E-2
4.738489012E1,8.228073045E-2,4.427555546E-2,-1.388538301E-2,9.446294128E-2
4.739484012E1,8.695336838E-2,4.072983130E-2,-4.908152819E-3,9.614518914E-2
4.740479113E1,8.752416627E-2,4.405855067E-2,-2.017874122E-2,1.000440761E-1
4.741474112E1,8.680752603E-2,4.526551648E-2,-2.781462014E-2,1.017750787E-1
4.742469112E1,9.779988033E-2,4.385545586E-2,3.256899118E-4,1.071831315E-1
4.743464213E1,8.958051324E-2,3.965707736E-2,-1.060334086E-2,9.853823103E-2
4.744459212E1,9.031744514E-2,3.565204984E-2,-1.524603009E-2,9.828911937E-2
4.745454212E1,8.875960984E-2,4.296816372E-2,-8.960273266E-3,9.901928060E-2
4.746449213E1,7.790503970E-2,3.429025844E-2,-1.824214339E-2,8.705051884E-2
4.747444312E1,8.028227091E-2,4.503271507E-2,-1.450226426E-2,9.318532136E-2
4.748439312E1,8.210861217E-2,4.132204918E-2,-1.285744250E-2,9.281513761E-2
4.749434312E1,8.016392875E-2,3.712790991E-2,-1.784570217E-3,8.836244597E-2
4.750429412E1,8.078942550E-2,3.524133547E-2,-1.540799797E-2,8.947787101E-2
4.751424412E1,7.732255653E-2,4.642902103E-2,-1.645874262E-2,9.168054292E-2
4.752419412E1,8.775762549E-2,4.813379503E-2,-1.062322140E-2,1.006534445E-1
4.753414512E1,7.753862028E-2,4.370612345E-2,-1.855964720E-2,9.092262296E-2
4.754409512E1,7.906610487E-2,4.370843036E-2,-1.212654054E-2,9.115332583E-2
4.755404512E1,7.840250071E-2,4.627639043E-2,2.964538336E-4,9.104144284E-2
4.756399612E1,8.369497092E-2,3.729864404E-2,6.133144498E-3,9.183491964E-2
4.757394612E1,7.805009633E-2,3.621464335E-2,-1.332814336E-2,8.706869320E-2
4.758389612E1,8.774823340E-2,3.640429870E-2,-1.497705817E-2,9.617347711E-2
4.759384712E1,8.523984184E-2,4.603639421E-2,-1.303052008E-2,9.774955080E-2
4.760379712E1,8.152929015E-2,3.845441474E-2,-5.098772049E-3,9.028712334E-2
4.761374712E1,7.832473274E-2,4.020011011E-2,-2.854610682E-3,8.808496701E-2
4.762369812E1,8.425933686E-2,3.492247721E-2,-1.542963266E-2,9.250561511E-2
4.763364812E1,7.967388639E-2,3.899190176E-2,-1.378481090E-2,8.976813236E-2
4.764359812E1,7.897837836E-2,3.342342014E-2,-1.842808485E-2,8.771717947E-2
4.765354913E1,7.960355535E-2,3.719183186E-2,-1.573544204E-2,8.926120388E-2
4.766349912E1,8.153103517E-2,3.221677410E-2,-5.259570479E-3,8.782307961E-2
4.767344912E1,8.036816102E-2,3.697792426E-2,-1.259548724E-2,8.935913209E-2
4.768340013E1,7.748295296E-2,4.445517005E-2,-2.023253560E-2,9.159271609E-2
4.769335012E1,7.813421401E-2,4.492611759E-2,-2.217965841E-2,9.281836396E-2
4.770330012E1,8.206207199E-2,3.536610272E-2,-1.918705344E-2,9.139522909E-2
4.771325113E1,7.963682966E-2,3.884122632E-2,-9.607560039E-3,8.912334549E-2
4.772320112E1,8.010075141E-2,4.295879447E-2,-1.374680400E-3,9.090367509E-2
4.773315112E1,8.550885030E-2,5.349992188E-2,-1.230429590E-2,1.016139794E-1
4.774310213E1,7.315046766E-2,4.102150686E-2,-1.065888941E-2,8.454210115E-2
4.775305212E1,8.147174075E-2,3.785687041E-2,-4.372547865E-3,8.994390670E-2
4.776300212E1,8.068423044E-2,3.433922887E-2,-1.066415191E-2,8.833375242E-2
4.777295313E1,7.807662807E-2,2.946437092E-2,-1.081676424E-2,8.414933983E-2
4.778290312E1,6.739301590E-2,3.877489240E-2,-1.538987160E-3,7.776682683E-2
4.779285312E1,8.113201752E-2,5.037569517E-2,-1.381580114E-2,9.649347798E-2
4.780280413E1,7.752011019E-2,3.781446439E-2,-1.501331091E-2,8.754827643E-2
4.781275412E1,7.845762899E-2,3.665763846E-2,-1.471568763E-2,8.784038631E-2
4.782270412E1,8.110066183E-2,4.444642207E-2,-1.307203531E-2,9.340064181E-2
4.783265513E1,8.256885200E-2,3.929638181E-2,-7.234759927E-3,9.172874520E-2
4.784260512E1,7.183401274E-2,3.696366254E-2,-1.082845867E-2,8.150885382E-2
4.785255512E1,8.042254927E-2,3.610808698E-2,-1.068052411E-2,8.880120478E-2
4.786250613E1,7.580625474E-2,4.144741714E-2,-1.876371503E-2,8.841127556E-2
4.787245612E1,7.473943938E-2,4.150428131E-2,-1.382398725E-2,8.660076090E-2
4.788240612E1,8.295433883E-2,3.582063238E-2,-1.801761031E-2,9.213671535E-2
4.789235713E1,7.976259962E-2,3.706547718E-2,-1.367956102E-2,8.901152895E-2
4.790230712E1,8.343245834E-2,3.295040780E-2,-1.817314625E-2,9.152577628E-2
4.791225712E1,7.783503757E-2,3.019382021E-2,-1.233820975E-2,8.439307597E-2
4.792220813E1,8.048489520E-2,3.174624226E-2,1.133190393E-3,8.652702684E-2
4.793215812E1,2.122179313E-2,7.706604648E-2,-8.847363532E-2,1.192355827E-1
4.794210812E1,4.646139999E-2,4.079436081E-2,2.001940459E-1,2.095244558E-1
4.795205913E1,2.188506655E-1,-1.441910361E-2,-4.280033219E-1,4.809265722E-1
4.796200913E1,4.495099110E-2,3.433600833E-2,5.477262318E-2,7.873749627E-2
4.797195912E1,3.405972968E-2,4.923914263E-2,1.343982518E-1,1.471307189E-1
4.798190912E1,1.034333894E-1,1.643182373E-2,-7.979168952E-2,1.316631482E-1
4.799186013E1,1.058179662E-1,1.917320285E-2,-5.954336643E-2,1.229246361E-1
4.800181012E1,5.647958075E-2,3.963161913E-2,4.974811077E-2,8.506164119E-2
4.801176012E1,5.938009207E-2,5.490144922E-2,-1.267500937E-2,8.185853849E-2